no_of_parent_edges	no_of_children_edges	Exp_parent_mean	CIG_distance_parent_mean	CIG_distance_parent_CV	Exp_child_median	EXP	CIG_distance	label
1274.0	141.0	1.432	1.282	1.518	1.33	3.465	4.884	1
1592.0	3751.0	3.012	2.389	0.981	3.317	1.223	3.895	1
2182.0	1020.0	2.675	2.288	0.99	2.921	1.411	5.516	1
1653.0	198.0	1.487	2.284	1.011	1.415	3.171	4.726	1
1689.0	223.0	0.9	1.758	1.421	1.116	2.104	4.384	1
1283.0	702.0	-1.195	1.524	2.298	1.437	2.261	8.384	1
1371.0	3554.0	2.403	2.65	0.83	3.495	2.289	4.169	1
2021.0	1207.0	3.109	2.446	0.761	2.535	2.196	2.953	1
907.0	205.0	2.193	2.413	1.21	2.737	1.756	6.984	1
1422.0	1916.0	0.663	1.935	1.003	0.563	5.931	3.1	1
1576.0	734.0	3.298	2.383	0.824	2.694	3.231	3.682	1
2803.0	825.0	3.316	1.926	0.871	3.165	4.792	3.533	1
1006.0	4357.0	2.354	1.822	1.125	2.921	7.69	3.459	1
1594.0	730.0	1.892	1.914	1.651	0.274	2.346	8.02	1
1557.0	835.0	1.951	1.914	1.69	-0.577	3.736	4.092	1
2658.0	3998.0	-0.344	1.83	1.35	1.719	5.617	7.346	1
2240.0	1704.0	3.135	2.187	0.918	3.507	4.153	6.211	1
1962.0	247.0	2.12	1.615	2.023	1.97	6.255	5.155	1
2000.0	259.0	2.213	1.755	1.801	1.686	8.401	8.497	1
3706.0	466.0	1.941	2.093	1.501	2.006	8.788	8.24	1
1810.0	678.0	-0.304	2.098	1.149	-0.299	2.889	7.727	1
1671.0	4058.0	1.351	2.919	0.785	3.259	4.767	5.255	1
2658.0	3998.0	1.455	2.986	0.747	2.739	8.566	7.827	1
1688.0	1549.0	0.333	2.472	1.057	3.39	6.019	5.917	1
25.0	91.0	-1.949	2.301	1.355	-3.165	-0.005	5.168	1
735.0	46.0	-2.363	1.147	3.242	0.088	-2.291	1.699	1
1091.0	744.0	-0.355	1.623	1.742	-0.277	-8.952	-1.366	1
781.0	421.0	-2.2	1.336	2.589	2.601	0.054	3.859	1
909.0	1352.0	-2.567	1.288	2.795	1.054	-1.094	2.865	1
1213.0	893.0	0.413	2.525	0.912	-0.124	2.446	4.451	1
1640.0	285.0	0.366	2.652	0.926	0.53	1.712	5.498	1
2036.0	3849.0	1.723	2.422	0.811	3.374	1.308	4.892	1
1307.0	565.0	0.726	2.367	0.937	3.2	4.751	5.896	1
964.0	566.0	0.917	1.989	1.068	2.067	2.638	3.424	1
72.0	165.0	-0.131	2.78	0.829	-0.254	0.975	3.112	1
2626.0	1312.0	-0.094	3.788	0.824	0.099	5.933	7.603	1
1363.0	609.0	-0.287	2.401	0.935	1.47	9.253	7.724	1
1706.0	376.0	0.057	3.895	0.728	1.208	11.174	10.543	1
1418.0	200.0	0.168	1.313	1.395	0.354	2.217	3.685	1
1463.0	111.0	-0.035	3.971	0.724	1.165	5.665	10.655	1
1948.0	516.0	-0.152	3.667	0.811	-0.376	4.721	5.524	1
3706.0	466.0	-0.747	0.901	3.572	0.18	7.705	7.182	1
1328.0	168.0	0.515	2.395	0.894	0.874	-0.663	3.84	1
1667.0	180.0	0.701	4.314	0.673	1.043	4.46	7.051	1
2626.0	1312.0	0.575	3.984	0.812	0.396	6.94	8.332	1
2350.0	154.0	0.381	3.744	0.818	1.602	4.858	5.814	1
1625.0	538.0	0.982	2.704	0.982	2.289	8.051	7.563	1
1479.0	178.0	0.0	3.062	0.777	1.535	6.326	4.999	1
2376.0	1660.0	0.0	1.613	1.188	0.0	0.313	1.96	0
1234.0	303.0	0.0	1.176	1.776	0.0	-3.497	-0.172	0
1214.0	506.0	0.0	2.669	0.957	0.0	0.0	1.83	0
1739.0	641.0	0.0	1.816	1.516	0.0	0.643	4.72	0
1083.0	573.0	0.0	1.356	1.728	0.0	1.841	3.835	0
0.0	128.0	0.0	0.0	0.0	0.0	-7.941	-3.018	0
2148.0	598.0	0.0	1.004	2.01	0.0	2.088	0.037	0
37.0	548.0	0.0	1.355	1.504	0.0	2.096	0.503	0
1747.0	1241.0	0.0	1.838	1.135	0.0	-1.551	3.992	0
33.0	185.0	0.0	1.104	1.643	0.0	1.561	-0.052	0
66.0	64.0	0.0	2.267	0.937	0.0	1.989	2.845	0
2305.0	259.0	0.0	1.338	1.484	0.0	0.631	1.09	0
44.0	82.0	0.0	1.858	1.261	0.0	-4.753	3.839	0
258.0	2448.0	0.0	0.599	4.385	0.0	-1.094	0.185	0
1034.0	871.0	0.0	1.475	1.387	0.0	1.016	2.846	0
516.0	483.0	0.0	1.65	2.173	0.0	0.706	3.701	0
2377.0	4368.0	0.0	1.728	0.959	0.0	2.002	2.017	0
29.0	437.0	0.0	-0.052	-40.239	0.0	0.464	-1.684	0
79.0	206.0	0.0	2.676	0.701	0.0	4.34	4.045	0
1477.0	216.0	0.0	1.66	1.029	0.0	-0.694	3.919	0
66.0	104.0	0.0	1.41	1.499	0.0	0.87	2.133	0
1148.0	121.0	0.0	1.271	2.099	0.0	-4.651	2.829	0
350.0	19.0	0.0	-2.376	-2.087	0.0	0.0	-7.052	0
36.0	341.0	0.0	2.568	0.514	0.0	0.718	1.526	0
8.0	107.0	0.0	2.389	0.921	0.0	-6.866	2.277	0
1963.0	540.0	0.0	1.164	1.542	0.0	1.114	2.63	0
1599.0	393.0	0.0	2.791	0.879	0.0	-3.544	2.994	0
1553.0	867.0	0.0	1.08	2.51	0.0	-2.376	0.836	0
41.0	414.0	0.0	0.388	4.502	0.0	0.178	-1.048	0
1183.0	643.0	0.0	1.558	1.003	0.0	0.582	-0.498	0
1420.0	124.0	0.0	1.804	1.102	0.0	-3.401	4.582	0
1963.0	226.0	0.0	2.361	0.827	0.0	1.389	4.924	0
0.0	94.0	0.0	0.0	0.0	0.0	-1.896	-1.899	0
425.0	475.0	0.0	2.31	1.226	0.0	-3.495	1.019	0
1579.0	465.0	0.0	2.678	0.95	0.0	-1.817	3.161	0
1639.0	811.0	0.0	1.547	1.349	0.0	1.429	4.334	0
32.0	431.0	0.0	-0.086	-16.353	0.0	1.086	-1.2	0
2605.0	283.0	0.0	1.515	1.329	0.0	1.346	1.441	0
2037.0	897.0	0.0	2.375	0.956	0.0	-0.0	3.35	0
19.0	57.0	0.0	-1.075	-1.759	0.0	1.433	-1.898	0
927.0	394.0	0.0	1.691	1.333	0.0	-0.909	1.782	0
3153.0	325.0	0.0	1.61	1.068	0.0	8.273	5.721	0
13.0	185.0	0.0	1.35	2.373	0.0	-4.356	1.12	0
1720.0	310.0	0.0	2.647	0.947	0.0	-6.741	1.357	0
87.0	99.0	0.0	2.326	0.635	0.0	1.735	-0.24	0
112.0	715.0	0.0	2.24	0.929	0.0	3.48	-0.46	0
712.0	553.0	0.0	1.762	1.151	0.0	0.833	3.576	0
1838.0	246.0	0.0	1.448	1.738	0.0	-0.854	3.362	0
2368.0	389.0	0.0	1.055	1.785	0.0	-0.644	4.056	0
1332.0	712.0	0.0	1.119	2.049	0.0	-5.165	0.425	0
43.0	679.0	0.0	1.962	0.965	0.0	1.739	3.723	0
0.0	26.0	0.0	0.0	0.0	0.0	0.0	-3.897	0
61.0	416.0	0.0	3.31	0.522	0.0	1.149	1.925	0
2283.0	587.0	0.0	0.933	2.459	0.0	0.594	2.946	0
939.0	466.0	0.0	1.474	1.638	0.0	1.111	-1.026	0
34.0	128.0	0.0	2.425	0.545	0.0	0.86	2.061	0
2159.0	285.0	0.0	1.415	1.221	0.0	1.349	1.27	0
2764.0	373.0	0.0	1.449	1.19	0.0	1.92	1.095	0
79.0	862.0	0.0	1.503	1.048	0.0	4.193	1.368	0
1180.0	1972.0	0.0	1.857	1.134	0.0	7.523	4.498	0
425.0	431.0	0.0	0.733	3.515	0.0	-2.547	0.017	0
1019.0	210.0	0.0	1.597	1.3	0.0	-0.378	6.097	0
881.0	598.0	0.0	2.747	0.986	0.0	-2.458	2.777	0
0.0	115.0	0.0	0.0	0.0	0.0	0.0	-7.867	0
16.0	112.0	0.0	2.33	0.687	0.0	1.628	0.558	0
72.0	918.0	0.0	2.246	0.958	0.0	0.963	0.836	0
84.0	208.0	0.0	2.8	0.71	0.0	3.443	4.064	0
63.0	266.0	0.0	2.411	0.72	0.0	4.914	1.341	0
45.0	551.0	0.0	1.495	2.09	0.0	2.538	0.111	0
1886.0	7901.0	0.0	1.372	1.287	0.0	1.442	3.093	0
164.0	116.0	0.0	2.912	0.621	0.0	6.8	4.67	0
2179.0	334.0	0.0	1.219	1.432	0.0	0.254	-0.855	0
2363.0	1936.0	0.0	1.652	1.015	0.0	1.147	1.198	0
681.0	553.0	0.0	1.804	1.205	0.0	3.561	2.89	0
727.0	154.0	0.0	1.915	0.991	0.0	-0.25	2.329	0
1867.0	1466.0	0.0	2.458	0.912	0.0	1.387	4.346	0
805.0	857.0	0.0	2.617	0.945	0.0	0.75	2.846	0
1613.0	431.0	0.0	1.077	1.774	0.0	3.1	1.572	0
21.0	405.0	0.0	1.888	1.148	0.0	-0.104	0.451	0
1981.0	127.0	0.0	2.309	0.838	0.0	-0.621	5.185	0
1130.0	778.0	0.0	1.703	1.058	0.0	3.611	3.003	0
1810.0	443.0	0.0	1.474	1.165	0.0	-0.403	3.071	0
786.0	417.0	0.0	0.733	5.09	0.0	-5.49	-0.123	0
1710.0	256.0	0.0	1.43	1.201	0.0	2.91	4.18	0
16.0	299.0	0.0	1.125	1.311	0.0	0.418	-1.16	0
1893.0	783.0	0.0	2.648	0.828	0.0	-4.484	3.804	0
1872.0	525.0	0.0	1.697	1.107	0.0	1.551	2.838	0
1575.0	586.0	0.0	0.945	2.033	0.0	2.789	-0.792	0
21.0	403.0	0.0	0.817	2.867	0.0	0.09	0.156	0
2027.0	688.0	0.0	1.581	1.026	0.0	2.794	2.042	0
2741.0	937.0	0.0	2.093	0.931	0.0	0.906	1.076	0
0.0	118.0	0.0	0.0	0.0	0.0	-4.057	-1.683	0
54.0	403.0	0.0	0.485	4.37	0.0	2.949	-2.018	0
3.0	50.0	0.0	1.857	1.688	0.0	0.0	-2.76	0
1964.0	571.0	0.0	1.627	0.959	0.0	2.191	0.875	0
1478.0	314.0	0.0	1.403	1.3	0.0	-0.264	0.273	0
1062.0	627.0	0.0	1.248	1.727	0.0	0.681	3.321	0
2959.0	1064.0	0.0	1.448	1.197	0.0	1.144	0.198	0
55.0	623.0	0.0	1.033	2.21	0.0	-0.422	-0.231	0
670.0	472.0	0.0	1.559	1.875	0.0	-2.006	1.576	0
2111.0	290.0	0.0	1.003	2.348	0.0	-1.215	3.686	0
1218.0	1502.0	0.0	2.418	0.949	0.0	-1.67	2.52	0
1415.0	359.0	0.0	1.455	1.209	0.0	-0.011	2.847	0
2224.0	259.0	0.0	2.663	0.753	0.0	-0.24	8.722	0
1151.0	503.0	0.0	1.504	1.52	0.0	-2.681	1.013	0
37.0	263.0	0.0	2.032	0.809	0.0	5.848	2.574	0
1106.0	562.0	0.0	1.787	1.499	0.0	-5.53	3.421	0
1031.0	170.0	0.0	1.356	1.532	0.0	0.048	4.327	0
2623.0	328.0	0.0	1.427	1.245	0.0	2.709	3.571	0
1850.0	666.0	0.0	2.173	0.908	0.0	-2.461	-1.104	0
1562.0	681.0	0.0	1.601	1.401	0.0	-2.02	3.982	0
41.0	1049.0	0.0	0.915	1.636	0.0	0.854	-0.344	0
2648.0	242.0	0.0	1.84	1.071	0.0	0.426	2.662	0
1829.0	189.0	0.0	2.296	0.829	0.0	2.535	3.52	0
790.0	89.0	0.0	0.122	25.499	0.0	-5.163	1.35	0
1051.0	421.0	0.0	1.033	2.23	0.0	-1.261	-0.981	0
2142.0	655.0	0.0	2.309	0.761	0.0	2.969	3.948	0
850.0	744.0	0.0	2.551	0.773	0.0	-2.845	-0.85	0
76.0	57.0	0.0	1.907	1.024	0.0	1.579	-0.09	0
26.0	222.0	0.0	-0.208	-11.022	0.0	-7.534	-9.157	0
979.0	612.0	0.0	1.91	0.793	0.0	7.681	4.559	0
1395.0	877.0	0.0	1.344	1.714	0.0	-2.492	2.388	0
17.0	236.0	0.0	1.571	1.304	0.0	-2.428	0.253	0
1160.0	448.0	0.0	0.791	3.561	0.0	0.969	2.545	0
2359.0	249.0	0.0	0.982	2.574	0.0	0.437	2.28	0
1837.0	4178.0	0.0	1.778	0.964	0.0	2.323	3.932	0
1990.0	186.0	0.0	2.111	0.86	0.0	4.979	1.648	0
2118.0	552.0	0.0	1.818	0.99	0.0	-0.38	6.801	0
54.0	176.0	0.0	2.545	0.507	0.0	2.885	2.963	0
2497.0	292.0	0.0	1.677	1.039	0.0	4.205	2.859	0
2135.0	267.0	0.0	1.304	1.656	0.0	3.806	5.096	0
1574.0	346.0	0.0	1.497	1.224	0.0	-0.98	0.369	0
0.0	196.0	0.0	0.0	0.0	0.0	1.021	-1.27	0
1836.0	262.0	0.0	1.581	1.081	0.0	3.203	0.618	0
46.0	204.0	0.0	1.256	1.64	0.0	-0.485	1.11	0
1605.0	238.0	0.0	1.531	1.512	0.0	0.422	6.386	0
33.0	549.0	0.0	0.403	5.506	0.0	0.201	0.281	0
670.0	534.0	0.0	1.009	3.144	0.0	-3.539	1.465	0
568.0	38.0	0.0	1.332	2.593	0.0	0.0	-1.4	0
1350.0	386.0	0.0	-0.557	-6.435	0.0	-5.816	1.202	0
665.0	400.0	0.0	1.324	1.902	0.0	-4.835	1.251	0
2576.0	551.0	0.0	2.236	0.973	0.0	-1.036	3.882	0
8.0	180.0	0.0	2.942	0.43	0.0	-0.364	4.662	0
1114.0	159.0	0.0	1.579	1.437	0.0	-3.229	5.346	0
1447.0	70.0	0.0	1.238	1.865	0.0	7.842	4.461	0
512.0	455.0	0.0	-0.565	-8.784	0.0	-2.869	0.054	0
1351.0	87.0	0.0	-2.645	-1.413	0.0	-5.556	2.402	0
3.0	188.0	0.0	-4.27	-1.292	0.0	-1.982	-1.925	0
1144.0	50.0	0.0	2.852	0.909	0.0	-5.013	2.212	0
11.0	209.0	0.0	1.869	0.849	0.0	-4.715	-0.076	0
1604.0	275.0	0.0	1.423	1.294	0.0	1.04	4.241	0
1666.0	5129.0	0.0	1.581	1.332	0.0	1.795	1.589	0
1956.0	704.0	0.0	2.426	0.84	0.0	-2.718	2.605	0
1097.0	739.0	0.0	1.894	0.974	0.0	-1.13	2.276	0
1.0	560.0	0.0	5.881	0.0	0.0	-3.669	1.145	0
790.0	198.0	0.0	-3.652	-1.237	0.0	-2.932	-0.579	0
2542.0	6389.0	0.0	1.193	1.57	0.0	4.012	1.573	0
1840.0	2207.0	0.0	1.781	1.092	0.0	9.46	4.627	0
714.0	573.0	0.0	1.189	2.304	0.0	-3.57	1.506	0
1546.0	432.0	0.0	2.121	0.844	0.0	7.447	5.388	0
1512.0	772.0	0.0	1.59	0.973	0.0	4.256	1.909	0
1670.0	368.0	0.0	0.557	5.079	0.0	-5.739	-0.458	0
2131.0	315.0	0.0	1.65	1.114	0.0	0.213	0.572	0
0.0	1.0	0.0	0.0	0.0	0.0	-6.991	-8.337	0
36.0	77.0	0.0	3.497	0.477	0.0	-3.282	3.764	0
751.0	402.0	0.0	0.957	2.491	0.0	2.447	3.939	0
25.0	333.0	0.0	-0.285	-8.121	0.0	-1.139	-2.19	0
2270.0	1237.0	0.0	1.763	0.949	0.0	5.664	2.619	0
1720.0	177.0	0.0	2.452	0.839	0.0	-3.673	1.276	0
93.0	123.0	0.0	3.077	0.532	0.0	2.599	1.892	0
1599.0	170.0	0.0	1.743	1.202	0.0	-0.146	3.994	0
1788.0	153.0	0.0	1.795	1.064	0.0	1.038	2.456	0
30.0	648.0	0.0	2.451	0.663	0.0	0.299	0.682	0
2627.0	7196.0	0.0	1.869	1.028	0.0	0.729	3.278	0
1047.0	278.0	0.0	2.583	0.889	0.0	-4.016	2.334	0
1265.0	181.0	0.0	2.208	1.287	0.0	-0.9	3.142	0
583.0	494.0	0.0	2.29	1.17	0.0	-0.888	3.864	0
71.0	190.0	0.0	1.717	1.105	0.0	0.955	0.379	0
2655.0	259.0	0.0	0.501	4.845	0.0	-0.829	-0.341	0
1591.0	876.0	0.0	1.952	0.887	0.0	6.289	1.46	0
1980.0	1237.0	0.0	2.466	0.732	0.0	0.458	3.664	0
3.0	43.0	0.0	4.273	0.507	0.0	-8.586	-5.874	0
876.0	944.0	0.0	2.199	1.158	0.0	-0.601	3.546	0
0.0	36.0	0.0	0.0	0.0	0.0	0.0	-8.344	0
2085.0	552.0	0.0	1.656	0.985	0.0	3.497	0.662	0
1663.0	70.0	0.0	2.77	0.878	0.0	-2.643	-3.029	0
995.0	60.0	0.0	1.087	2.441	0.0	-6.733	0.112	0
467.0	926.0	0.0	2.89	0.926	0.0	-1.448	4.643	0
1343.0	657.0	0.0	1.305	1.451	0.0	0.617	3.024	0
621.0	324.0	0.0	1.798	1.035	0.0	4.675	4.283	0
1889.0	377.0	0.0	1.65	0.942	0.0	2.276	0.551	0
1606.0	225.0	0.0	1.626	1.145	0.0	-0.293	1.902	0
1658.0	236.0	0.0	1.22	1.789	0.0	-0.846	2.39	0
83.0	319.0	0.0	2.408	0.737	0.0	-1.047	1.47	0
921.0	94.0	0.0	1.363	1.307	0.0	0.634	-1.302	0
1833.0	649.0	0.0	1.588	1.213	0.0	0.181	-0.58	0
1829.0	668.0	0.0	1.504	1.028	0.0	1.079	0.079	0
1207.0	247.0	0.0	1.894	1.153	0.0	-4.645	6.276	0
30.0	697.0	0.0	3.021	0.693	0.0	-4.217	4.232	0
354.0	797.0	0.0	0.71	4.717	0.0	-7.946	0.41	0
1798.242	669.102	-0.223	2.136	1.138	-0.135	3.217	7.716	1
2437.856	1279.347	0.902	3.371	0.804	0.856	4.771	6.157	1
1898.868	247.293	1.786	1.756	1.678	1.501	6.353	7.159	1
2011.272	652.278	0.612	3.294	0.859	0.516	3.826	5.522	1
1903.708	3924.75	1.588	2.603	0.802	3.332	2.562	5.023	1
1589.827	741.843	1.899	1.914	1.656	0.178	2.503	7.577	1
1680.973	291.946	0.732	3.134	0.862	1.306	7.395	7.796	1
1684.695	220.01	0.971	1.821	1.372	1.152	2.232	4.425	1
1678.05	578.146	0.613	2.53	1.03	1.547	6.571	7.61	1
565.157	56.765	-2.264	1.423	2.79	-0.69	-1.744	2.528	1
1297.691	152.846	1.03	1.77	1.245	1.13	1.654	4.426	1
1578.564	191.129	1.264	2.31	0.984	1.291	2.293	4.523	1
1421.7	769.325	0.398	1.722	1.99	0.418	3.007	6.211	1
1955.318	375.385	1.035	2.595	1.444	0.851	5.523	5.331	1
1845.281	236.739	1.598	1.676	1.766	1.605	4.48	4.825	1
1696.465	1540.307	0.404	2.471	1.05	3.368	5.922	5.842	1
3559.699	432.338	1.773	2.271	1.428	1.962	8.364	7.978	1
1802.646	679.76	-0.191	2.107	1.138	-0.205	2.9	7.6	1
1648.273	229.632	1.079	2.418	0.98	1.094	2.641	5.007	1
1129.351	790.839	-0.113	1.907	1.481	-0.229	-5.369	0.463	1
1387.948	863.503	1.195	2.214	1.308	-0.354	3.102	4.268	1
1620.471	556.117	1.196	2.675	0.967	2.327	7.606	7.204	1
1309.898	155.708	1.117	1.29	1.488	1.087	3.154	4.585	1
1849.965	237.151	1.619	1.674	1.776	1.62	4.552	4.838	1
1432.911	194.622	0.127	1.74	1.244	0.643	3.221	4.007	1
2178.312	3883.091	1.662	2.551	0.797	3.229	2.969	5.564	1
2037.859	1245.259	3.111	2.426	0.773	2.609	2.347	3.204	1
906.823	81.35	-1.529	1.509	2.561	0.316	-1.819	2.319	1
1403.49	194.841	0.224	1.487	1.314	0.438	1.753	3.71	1
1630.694	526.611	0.917	2.788	0.964	2.213	8.271	7.772	1
1659.908	202.797	1.374	2.183	1.09	1.358	2.966	4.661	1
1342.471	592.87	0.084	2.389	0.936	2.104	7.603	7.054	1
1737.107	393.996	0.03	3.866	0.739	1.005	10.345	9.898	1
2303.92	981.716	2.801	2.217	0.966	2.969	2.075	5.126	1
1684.895	214.977	0.863	2.235	1.282	1.103	2.544	4.882	1
1424.554	197.636	0.15	1.501	1.329	0.481	2.658	3.827	1
1823.928	316.575	1.007	2.845	1.325	1.559	8.908	8.061	1
1905.657	1343.525	2.638	2.348	0.808	2.155	2.915	2.982	1
1498.535	178.208	0.073	3.192	0.766	1.484	6.132	5.212	1
2658.944	611.62	2.382	2.504	0.854	2.668	4.813	4.258	1
957.727	526.271	1.057	2.036	1.083	2.141	2.541	3.816	1
1675.889	224.675	0.554	4.218	0.685	1.081	5.99	7.847	1
1671.404	445.191	0.452	3.386	0.837	1.67	9.84	9.27	1
2822.544	1158.04	0.334	3.423	1.314	0.357	7.079	8.123	1
1980.589	586.192	0.242	3.475	0.836	0.083	4.26	5.523	1
1705.729	374.637	0.061	3.898	0.728	1.207	11.128	10.519	1
1686.081	275.894	0.386	4.109	0.7	1.124	7.745	8.759	1
444.331	332.382	0.306	2.45	0.929	0.715	1.669	3.242	1
1697.338	332.467	0.2	3.988	0.716	1.172	9.683	9.767	1
1578.158	733.521	3.129	2.327	0.923	2.404	3.125	4.202	1
1569.715	3887.842	1.706	2.828	0.8	3.339	3.931	4.888	1
1375.16	616.136	-0.083	2.4	0.929	1.54	8.909	7.493	1
1338.899	4192.813	2.15	2.016	1.024	3.068	5.628	3.922	1
1154.292	821.3	0.043	2.091	1.311	-0.197	-3.039	1.652	1
1885.304	202.508	0.746	2.348	1.242	1.26	2.922	4.809	1
1582.545	732.545	2.786	2.212	1.125	1.814	2.909	5.26	1
1355.325	612.809	-0.289	2.379	0.958	1.42	8.739	7.467	1
1654.352	198.939	1.465	2.265	1.026	1.404	3.131	4.714	1
1620.701	795.47	1.383	1.961	1.554	-0.507	3.523	5.007	1
873.004	493.899	-0.633	1.664	1.824	2.333	1.353	3.641	1
1649.089	224.176	1.15	2.395	0.985	1.149	2.732	4.959	1
1145.689	732.037	-0.594	1.595	1.9	0.211	-5.758	1.412	1
1952.557	251.758	2.043	1.699	1.975	1.942	6.437	5.353	1
2326.321	1057.854	3.19	2.243	0.804	2.781	3.21	3.18	1
2405.189	1166.782	1.283	3.042	0.906	1.503	3.684	6.565	1
1561.833	3782.196	2.979	2.36	0.988	3.296	1.556	3.873	1
1879.799	228.331	1.724	2.367	1.647	1.712	5.755	5.683	1
1620.505	555.98	1.194	2.675	0.968	2.326	7.609	7.207	1
877.06	75.227	-1.674	1.446	2.679	0.276	-1.901	2.212	1
2160.018	1681.541	2.729	2.229	0.938	3.49	4.423	6.168	1
1974.548	384.789	1.055	2.691	1.316	0.677	6.6	7.042	1
2658.0	3998.0	-0.318	1.847	1.342	1.733	5.659	7.353	1
1686.394	415.213	0.281	3.607	0.79	1.47	10.418	9.821	1
1335.966	131.164	0.951	2.164	1.258	1.276	4.186	6.776	1
576.954	74.367	-1.831	1.536	2.666	0.007	-1.512	2.035	1
1697.511	3774.288	2.706	2.397	0.941	3.33	1.243	4.132	1
721.569	457.015	0.632	2.204	1.003	1.436	2.186	3.339	1
1844.337	3717.296	2.054	2.773	0.799	3.217	4.598	5.515	1
3706.0	466.0	0.953	1.655	2.262	1.335	8.39	7.851	1
2101.257	1389.136	3.118	2.351	0.819	2.891	2.913	4.147	1
1451.123	655.546	2.104	2.375	0.877	2.929	3.936	4.71	1
1403.129	1823.634	0.641	1.988	0.995	0.501	5.616	3.222	1
1614.539	724.777	2.704	2.336	0.878	2.201	3.174	4.349	1
1152.59	730.527	-0.624	1.592	1.92	0.273	-5.355	1.762	1
1300.859	152.005	1.196	1.288	1.495	1.148	3.232	4.66	1
1099.807	736.701	-0.31	1.654	1.709	-0.135	-8.393	-1.069	1
1714.269	700.91	1.169	2.214	1.016	0.926	3.029	6.072	1
1617.472	3849.988	2.477	2.56	0.918	3.298	2.366	4.333	1
1277.135	140.502	1.408	1.327	1.505	1.328	3.501	4.98	1
1695.83	705.323	1.453	2.237	0.99	1.161	3.056	5.754	1
2626.0	1312.0	0.423	3.94	0.815	0.329	6.712	8.167	1
1457.356	185.806	0.06	2.441	0.997	1.116	4.868	4.533	1
1191.727	867.019	0.279	2.368	1.056	-0.151	0.459	3.437	1
1648.345	252.548	0.469	3.166	0.848	0.689	2.562	5.978	1
1048.932	180.249	1.899	1.976	1.329	2.193	2.417	6.172	1
1284.518	693.332	-1.073	1.577	2.212	1.549	2.418	8.227	1
1955.151	480.657	0.173	3.404	0.947	-0.092	5.227	5.933	1
1692.698	309.151	0.277	4.038	0.709	1.152	8.884	9.352	1
2304.384	195.077	0.32	3.735	0.817	1.377	4.843	5.781	1
2592.564	1290.011	0.114	3.675	0.836	0.311	5.592	7.445	1
1707.846	189.69	0.887	4.0	0.811	1.122	4.943	7.228	1
1632.996	1861.316	1.301	2.0	0.981	1.323	5.472	3.903	1
2027.564	687.368	0.809	3.198	0.872	0.745	3.596	5.521	1
1618.272	182.098	1.209	2.593	0.958	1.369	3.627	5.81	1
3706.0	466.0	0.745	1.563	2.422	1.194	8.306	7.769	1
1500.136	183.89	1.03	2.336	0.956	1.161	1.368	4.31	1
1696.568	328.597	0.213	3.996	0.715	1.168	9.55	9.698	1
1977.8	1172.366	3.001	2.397	0.848	2.245	2.339	3.059	1
1463.48	176.972	0.053	2.993	0.789	1.467	5.607	4.88	1
2733.548	1227.754	0.443	3.677	1.087	0.375	7.016	8.217	1
1468.87	135.582	-0.022	3.638	0.743	1.301	5.907	8.58	1
2370.865	1571.1	2.267	2.797	0.882	2.452	5.098	6.93	1
2658.0	3998.0	0.827	2.582	0.958	2.383	7.536	7.659	1
1611.572	591.713	1.616	2.616	0.939	2.4	6.73	6.499	1
1704.251	360.258	0.144	3.675	0.8	1.199	10.241	9.909	1
1698.548	365.725	0.092	3.755	0.751	1.132	10.106	9.973	1
1684.157	213.535	0.857	2.321	1.257	1.1	2.623	4.971	1
1653.995	480.009	0.651	3.131	0.891	1.902	9.169	8.63	1
99.211	100.592	-1.6	2.31	1.343	-2.669	0.143	5.32	1
1476.414	167.171	-0.006	3.209	0.769	1.475	6.219	5.913	1
752.449	62.13	-1.901	1.276	3.036	0.357	-1.88	2.235	1
1766.745	3789.57	2.505	2.402	0.914	3.339	1.256	4.288	1
2179.848	1015.365	2.649	2.3	0.988	2.891	1.442	5.516	1
949.72	201.246	2.023	2.411	1.178	2.548	1.51	6.665	1
2102.105	4118.803	1.758	2.595	0.874	2.8	8.272	6.357	1
1960.704	247.653	2.109	1.627	2.016	1.967	6.28	5.182	1
1560.055	818.758	2.168	1.99	1.551	-0.051	3.654	4.026	1
1270.442	4083.533	2.651	2.078	1.06	3.1	4.772	3.656	1
1773.113	230.395	1.276	1.714	1.607	1.379	3.383	4.622	1
884.299	385.02	-0.225	1.696	1.824	1.378	0.922	2.824	1
1465.32	182.934	0.038	2.67	0.916	1.27	5.404	4.704	1
911.329	524.266	0.02	1.801	1.505	2.221	1.894	3.549	1
1663.679	184.27	0.888	3.832	0.753	1.132	4.154	6.5	1
1124.771	4095.704	2.37	2.092	1.029	3.108	5.933	3.69	1
1012.412	662.117	-0.822	1.55	1.956	0.453	-6.669	-0.041	1
2097.73	1381.132	3.118	2.356	0.816	2.875	2.882	4.095	1
936.408	544.137	0.447	1.891	1.297	2.148	2.248	3.49	1
1164.956	682.713	0.015	1.878	1.466	0.914	-4.26	1.121	1
1184.245	666.727	0.112	1.944	1.394	1.224	-3.037	1.769	1
1433.294	3581.634	2.34	2.628	0.828	3.483	2.197	4.237	1
302.993	212.346	-2.041	1.946	1.809	-1.045	0.017	4.687	1
1176.671	157.973	1.634	1.582	1.437	1.704	3.011	5.441	1
1670.138	572.159	0.668	2.556	1.023	1.658	6.792	7.603	1
1703.814	380.372	0.082	3.863	0.735	1.237	11.09	10.462	1
839.387	142.497	0.402	1.916	2.009	1.696	0.165	4.906	1
1111.727	739.466	-0.445	1.613	1.802	-0.092	-7.741	-0.313	1
1262.67	658.796	-0.312	2.114	1.233	0.826	2.538	4.371	1
1838.316	644.759	-0.273	2.42	1.079	-0.315	3.265	7.275	1
1575.598	782.223	1.921	1.914	1.671	-0.149	3.037	6.066	1
1967.392	822.699	0.956	2.178	1.081	1.063	2.264	6.791	1
1295.18	632.475	-0.22	1.952	1.607	2.332	3.525	7.122	1
1500.837	3611.597	2.27	2.605	0.826	3.471	2.098	4.31	1
