TPM_exon_exp_mean	Gene_name	label	hpa_256_tiss_ntpmtau	gtex_db_tissuegini	Total_utr_3_len	tss_dis	TF_motif_total_exons	rna_motif_total_gene_norm_len_cv	utr3_mirna_count	exon_cs_mean	tss_500bp_cs_median	V_codon_bias_sum	P_codon_bias_max	Y_codon_bias_max	A_codon_bias_median	cds_len	AT_cds_pct	AT_intron_pct	AT_tss_3kb_PTG_pct	GC_tss_4kb_PTG_pct
-7.658	BCL11A	1	0.579	0.631	3211.0	2312304.0	9937.0	1.73	3729.0	4.397	2.371	81.0	18.0	5.0	16.0	2508.0	0.414	0.551	0.768	1.272
6.324	CD19	1	0.991	0.946	0.0	6726.0	8657.0	2.524	217.0	1.045	0.108	0.0	0.0	0.0	0.0	0.0	0.0	0.447	1.124	0.879
1.752	CD1C	1	0.994	0.773	1299.0	35499.0	2809.0	1.426	1113.0	-0.274	0.0	24.0	6.0	6.0	4.0	1002.0	0.51	0.584	0.917	1.269
8.027	CD22	1	0.838	0.844	665.0	37053.0	3903.0	2.007	3560.0	0.472	-0.066	61.0	18.0	16.0	9.0	2544.0	0.455	0.473	1.075	0.893
6.234	CD27	1	0.987	0.81	322.0	56029.0	3343.0	1.695	659.0	0.517	0.041	9.0	11.0	3.0	5.0	783.0	0.415	0.503	1.063	0.923
4.926	CD320	1	0.491	0.258	1477.0	57775.0	2054.0	2.708	879.0	0.155	-0.118	1.0	3.0	0.0	2.0	246.0	0.378	0.429	1.053	0.95
8.179	CD40	1	0.862	0.514	0.0	28388.0	2197.0	2.511	3437.0	0.588	0.038	0.0	0.0	0.0	0.0	0.0	0.0	0.512	0.968	1.008
4.959	CD81	1	0.687	0.345	0.0	89374.0	6497.0	1.558	2307.0	-0.353	-0.594	0.0	0.0	0.0	0.0	0.0	0.0	0.353	0.97	1.024
7.154	CD86	1	0.89	0.636	1603.0	33114.0	2872.0	1.472	10731.0	0.333	0.032	20.0	10.0	5.0	2.0	990.0	0.587	0.593	1.057	0.944
2.582	CR2	1	0.992	0.97	771.0	132650.0	5118.0	1.364	450.0	0.692	0.0	73.0	41.0	27.0	10.0	3279.0	0.53	0.617	0.954	1.044
4.639	EBF1	1	0.879	0.555	3192.0	1240771.0	8869.0	1.576	5899.0	5.211	2.313	54.0	12.0	8.0	6.0	1776.0	0.456	0.6	0.796	1.309
3.993	FOXO1	1	0.856	0.487	3384.0	1011015.0	13862.0	2.152	778.0	2.336	0.401	57.0	13.0	3.0	7.0	1968.0	0.42	0.583	0.704	1.285
5.29	GABPB1	1	0.822	0.301	3244.0	89472.0	5771.0	2.538	10435.0	4.09	1.001	16.0	2.0	11.0	1.0	1152.0	0.569	0.606	0.879	1.167
4.506	GFI1	1	0.991	0.705	2987.0	187867.0	5613.0	1.247	4303.0	2.677	0.0	46.0	15.0	1.0	13.0	1269.0	0.353	0.448	0.949	1.051
2.94	GFI1	1	0.991	0.705	2987.0	187867.0	5613.0	1.247	4303.0	2.677	0.0	46.0	15.0	1.0	13.0	1269.0	0.353	0.448	0.949	1.051
5.901	IKZF3	1	0.98	0.9	8073.0	126375.0	14302.0	2.078	51975.0	2.872	0.46	47.0	6.0	5.0	9.0	1530.0	0.515	0.6	1.049	0.979
5.21	IL7R	1	0.975	0.767	3118.0	239047.0	6303.0	1.155	4966.0	1.269	0.187	33.0	10.0	9.0	4.5	1380.0	0.56	0.614	1.015	0.954
5.123	ITGA4	1	0.973	0.761	3414.0	476262.0	10599.0	1.387	900.0	2.548	-0.009	76.0	17.0	23.0	7.0	3099.0	0.575	0.643	0.847	1.21
4.337	ITGB1	1	0.878	0.553	0.0	506611.0	6851.0	1.559	1219.0	3.472	-0.124	0.0	0.0	0.0	0.0	0.0	0.0	0.618	0.855	1.2
9.708	ITGB1	1	0.878	0.553	0.0	506611.0	6851.0	1.559	1219.0	3.472	-0.124	0.0	0.0	0.0	0.0	0.0	0.0	0.618	0.855	1.2
3.188	LEF1	1	0.984	0.501	1212.0	141314.0	10685.0	1.649	2344.0	4.55	0.596	37.0	4.0	2.0	1.0	1200.0	0.492	0.603	0.767	1.358
11.125	MS4A1	1	0.994	0.974	2285.0	26275.0	4568.0	1.432	3086.0	0.748	0.146	12.0	11.0	4.0	4.5	894.0	0.579	0.593	0.989	1.015
7.014	NFKB1	1	0.868	0.365	2153.0	155903.0	8077.0	1.513	971.0	2.767	0.202	32.0	13.0	14.0	8.0	1536.0	0.54	0.626	0.84	1.184
4.94	PAX5	1	0.979	0.979	7292.0	461374.0	13410.0	1.48	39653.0	4.218	0.867	36.0	10.0	3.0	4.0	1176.0	0.409	0.509	0.899	1.122
2.847	PRDM1	1	0.956	0.614	2453.0	683253.0	14441.0	1.994	3636.0	3.673	0.434	40.0	37.0	27.0	9.0	2478.0	0.463	0.599	0.973	1.019
2.62	PRDM1	1	0.956	0.614	2453.0	683253.0	14441.0	1.994	3636.0	3.673	0.434	40.0	37.0	27.0	9.0	2478.0	0.463	0.599	0.973	1.019
7.933	PTPRC	1	0.968	0.782	1296.0	98094.0	7036.0	1.408	1408.0	1.552	0.0	79.0	28.0	31.0	18.0	3921.0	0.584	0.659	1.034	0.983
-0.702	PTPRJ	1	0.688	0.389	3480.0	132090.0	10626.0	2.53	2243.0	1.601	0.025	106.0	32.0	27.0	22.0	4017.0	0.504	0.547	0.814	1.151
5.108	SDC1	1	0.978	0.854	1968.0	173805.0	3837.0	1.4	3510.0	0.669	-0.074	20.0	9.0	2.0	3.0	933.0	0.364	0.428	0.908	1.001
5.443	SOX4	1	0.929	0.451	2661.0	1059294.0	12770.0	3.093	1222.0	2.603	1.992	12.0	20.0	9.0	4.0	1425.0	0.295	0.0	0.768	1.329
6.642	STAT3	1	0.632	0.304	0.0	100908.0	6698.0	3.177	6685.0	4.376	0.405	0.0	0.0	0.0	0.0	0.0	0.0	0.554	0.95	1.063
6.295	STAT3	1	0.632	0.304	0.0	100908.0	6698.0	3.177	6685.0	4.376	0.405	0.0	0.0	0.0	0.0	0.0	0.0	0.554	0.95	1.063
5.209	TCF3	1	0.783	0.381	2416.0	47153.0	6829.0	1.895	7106.0	1.868	-0.04	74.0	19.0	1.0	3.0	1965.0	0.328	0.408	0.927	1.037
8.25	TCF3	1	0.783	0.381	2416.0	47153.0	6829.0	1.895	7106.0	1.868	-0.04	74.0	19.0	1.0	3.0	1965.0	0.328	0.408	0.927	1.037
5.203	TNF	1	0.997	0.928	800.0	3511.0	2440.0	1.983	839.0	0.985	0.365	16.0	9.0	4.0	3.0	702.0	0.387	0.495	0.926	1.061
5.638	TNFRSF13B	1	0.992	0.983	0.0	250802.0	3005.0	2.49	760.0	-0.318	-0.223	0.0	0.0	0.0	0.0	0.0	0.0	0.0	0.0	0.0
7.003	XBP1	1	0.951	0.514	0.0	24351.0	2468.0	1.82	1119.0	1.378	0.233	0.0	0.0	0.0	0.0	0.0	0.0	0.618	0.0	0.0
3.963	ANXA3	1	0.948	0.596	0.0	544541.0	3252.0	1.285	160.0	0.368	0.24	0.0	0.0	0.0	0.0	0.0	0.0	0.627	0.983	1.009
7.528	BCAR1	1	0.886	0.286	3777.0	40399.0	5499.0	1.907	9670.0	2.119	-0.15	2.0	4.0	1.0	1.0	174.0	0.374	0.416	0.883	1.05
8.539	CD93	1	0.963	0.581	4591.0	36652.0	9305.0	1.433	1406.0	0.106	0.355	56.0	32.0	2.0	15.0	1959.0	0.362	0.363	0.774	1.214
9.873	EDN1	1	0.601	0.432	1128.0	278049.0	2302.0	1.889	901.0	1.64	0.812	10.0	7.0	4.0	1.0	639.0	0.512	0.581	0.86	1.184
10.111	EGFL7	1	0.577	0.447	393.0	112807.0	3805.0	1.678	786.0	0.534	-0.712	18.0	9.0	6.0	3.0	822.0	0.335	0.328	1.095	0.96
7.112	ERG	1	0.821	0.562	3374.0	404790.0	6592.0	1.641	14084.0	3.262	0.664	60.0	9.0	1.0	6.0	1389.0	0.451	0.582	0.911	1.081
5.386	ETS1	1	0.951	0.516	3597.0	1586788.0	5868.0	1.633	7702.0	3.547	0.138	50.0	10.0	1.0	5.0	1458.0	0.49	0.575	1.064	0.908
1.207	ETV2	1	0.87	0.607	20.0	12709.0	1864.0	1.957	2.0	1.149	0.178	10.0	12.0	7.0	7.0	1113.0	0.339	0.365	1.17	1.015
6.637	FLI1	1	0.934	0.512	0.0	216317.0	7293.0	1.502	3410.0	2.819	0.136	0.0	0.0	0.0	0.0	0.0	0.0	0.588	0.938	1.101
4.315	FOXC2	1	0.881	0.811	888.0	33028.0	5571.0	1.936	287.0	1.893	0.258	18.0	30.0	22.0	4.0	1506.0	0.293	0.0	0.728	1.329
5.023	FOXP1	1	0.856	0.398	4540.0	1271090.0	16051.0	2.011	33617.0	4.517	0.912	48.0	8.0	9.0	4.0	2034.0	0.493	0.589	0.798	1.19
5.76	GATA2	1	0.92	0.633	1593.0	26233.0	5145.0	1.321	3001.0	3.458	0.086	64.0	14.0	0.0	7.0	1443.0	0.352	0.393	1.042	1.017
6.521	HIF1A	1	0.939	0.379	1175.0	168494.0	10954.0	2.075	1004.0	3.941	0.296	41.0	24.0	18.0	12.5	2553.0	0.598	0.632	0.909	1.099
6.757	ITGB3	1	0.978	0.653	3540.0	53381.0	20834.0	1.639	2245.0	3.294	0.046	52.0	14.0	14.0	5.0	2367.0	0.453	0.538	0.935	1.04
7.35	KDR	1	0.923	0.57	1461.0	467639.0	10085.0	1.464	977.0	3.374	0.05	101.0	19.0	15.0	15.0	4071.0	0.529	0.602	0.906	1.077
4.208	NFATC1	1	0.846	0.408	1747.0	282620.0	5590.0	1.289	8655.0	3.193	0.003	55.0	50.0	25.0	5.0	2832.0	0.349	0.433	0.826	1.099
6.737	NOS3	1	0.908	0.492	420.0	30140.0	6199.0	1.476	828.0	2.834	0.136	73.0	54.0	23.0	12.0	3612.0	0.35	0.435	1.03	0.98
7.762	NRP1	1	0.923	0.54	2585.0	378009.0	9123.0	1.895	1716.0	3.532	-0.005	100.0	23.0	14.0	10.0	2772.0	0.508	0.588	0.79	1.23
9.317	PECAM1	1	0.949	0.0	4402.0	127600.0	8148.0	2.354	3040.0	1.114	0.168	64.0	8.0	11.0	4.0	2217.0	0.525	0.53	0.984	1.053
6.853	PLCG1	1	0.478	0.33	3118.0	108323.0	10780.0	1.246	3293.0	4.207	0.093	67.0	25.0	39.0	10.0	3873.0	0.432	0.474	0.901	1.058
5.465	PLCG1	1	0.478	0.33	3118.0	108323.0	10780.0	1.246	3293.0	4.207	0.093	67.0	25.0	39.0	10.0	3873.0	0.432	0.474	0.901	1.058
8.077	PVRL2	1	0.615	0.359	845.0	37226.0	5907.0	2.916	975.0	1.322	-0.073	39.0	16.0	8.0	9.0	1617.0	0.373	0.478	0.826	1.122
9.006	S1PR1	1	0.515	0.393	1386.0	211256.0	3456.0	1.565	1101.0	1.655	0.0	24.0	6.0	11.0	3.0	1149.0	0.455	0.537	0.871	1.646
6.058	TAL1	1	0.864	0.454	3429.0	39735.0	8016.0	1.462	3901.0	1.805	0.0	22.0	11.0	0.0	10.0	996.0	0.301	0.473	0.974	1.027
5.793	TEK	1	0.863	0.435	943.0	103552.0	5635.0	1.759	901.0	3.571	1.044	77.0	24.0	19.0	14.0	3375.0	0.522	0.596	1.028	0.969
4.773	CBX4	1	0.935	0.208	804.0	42363.0	4107.0	1.912	327.0	2.957	0.426	70.0	13.0	3.0	12.0	1683.0	0.345	0.372	0.889	1.079
8.448	CDH1	1	0.958	0.762	2039.0	91982.0	6419.0	3.145	2700.0	1.951	-0.032	70.0	24.0	17.0	10.0	2649.0	0.485	0.532	0.875	1.11
3.172	CDSN	1	1.0	0.985	939.0	5697.0	5067.0	1.55	883.0	0.783	0.042	36.0	17.0	3.0	7.0	1590.0	0.404	0.512	1.051	1.016
2.589	EHF	1	0.974	0.882	4358.0	109293.0	5866.0	1.599	11159.0	3.031	0.838	11.0	6.0	6.0	3.0	903.0	0.502	0.561	1.01	1.002
1.132	ELF3	1	0.966	0.836	687.0	25297.0	12350.0	2.131	2434.0	2.039	0.0	12.0	13.0	11.0	4.0	1116.0	0.411	0.43	1.12	0.917
7.664	F11R	1	0.868	0.525	3661.0	66534.0	9547.0	2.799	5886.0	1.107	0.0	14.0	9.0	2.0	3.0	840.0	0.483	0.529	0.974	1.014
3.033	GRHL3	1	0.987	0.932	831.0	132067.0	3596.0	1.248	1706.0	3.087	0.803	37.0	21.0	16.0	5.0	1809.0	0.453	0.489	1.016	0.977
5.697	HR	1	0.913	0.674	1282.0	2676.0	6527.0	1.312	1796.0	1.354	0.364	80.0	42.0	3.0	31.0	3570.0	0.349	0.404	0.923	1.033
8.028	ITGA6	1	0.77	0.501	2393.0	324685.0	11281.0	1.763	2298.0	3.443	0.417	75.0	20.0	27.0	14.0	3222.0	0.553	0.584	0.859	1.151
4.611	KLF4	1	0.925	0.626	900.0	206491.0	3970.0	1.551	636.0	2.653	0.372	49.0	10.0	0.0	8.0	1440.0	0.346	0.464	0.642	1.561
0.518	KLF4	1	0.925	0.626	900.0	206491.0	3970.0	1.551	636.0	2.653	0.372	49.0	10.0	0.0	8.0	1440.0	0.346	0.464	0.642	1.561
7.305	KLF5	1	0.97	0.79	1653.0	276872.0	6255.0	2.081	1408.0	3.089	0.904	20.0	17.0	10.0	8.0	1374.0	0.445	0.619	0.87	1.198
-0.586	KLF5	1	0.97	0.79	1653.0	276872.0	6255.0	2.081	1408.0	3.089	0.904	20.0	17.0	10.0	8.0	1374.0	0.445	0.619	0.87	1.198
14.085	KRT14	1	0.999	0.962	157.0	14836.0	1688.0	2.542	201.0	1.873	0.368	43.0	9.0	0.0	19.0	1419.0	0.391	0.478	1.057	0.99
8.91	KRT18	1	0.951	0.681	0.0	44074.0	2418.0	1.568	186.0	1.891	0.212	0.0	0.0	0.0	0.0	0.0	0.0	0.461	0.998	1.13
12.974	KRT5	1	0.996	0.944	368.0	27137.0	2130.0	1.32	383.0	3.06	0.512	45.0	12.0	1.0	8.0	1773.0	0.411	0.533	0.933	1.083
8.863	KRT8	1	0.978	0.737	0.0	56058.0	3479.0	1.795	897.0	1.772	0.247	0.0	0.0	0.0	0.0	0.0	0.0	0.455	0.958	0.986
6.353	NGFR	1	0.903	0.608	2000.0	80394.0	8746.0	1.531	1927.0	2.483	0.34	31.0	12.0	7.0	5.0	1284.0	0.332	0.445	0.924	0.996
4.552	NGFR	1	0.903	0.608	2000.0	80394.0	8746.0	1.531	1927.0	2.483	0.34	31.0	12.0	7.0	5.0	1284.0	0.332	0.445	0.924	0.996
-1.366	PAX6	1	0.724	0.817	5143.0	301565.0	16537.0	1.828	5215.0	4.557	1.948	28.0	8.0	5.0	4.0	1269.0	0.48	0.507	0.779	1.224
6.349	PAX6	1	0.724	0.817	5143.0	301565.0	16537.0	1.828	5215.0	4.557	1.948	28.0	8.0	5.0	4.0	1269.0	0.48	0.507	0.779	1.224
7.157	PRSS8	1	0.975	0.808	577.0	10144.0	2653.0	1.777	700.0	0.656	-0.043	30.0	10.0	0.0	7.0	1032.0	0.365	0.437	1.187	0.93
6.326	SOX9	1	0.559	0.533	2030.0	1951488.0	21030.0	2.052	701.0	3.299	0.662	21.0	33.0	19.0	3.0	1530.0	0.322	0.405	0.702	1.616
8.82	TGFBR2	1	0.918	0.523	0.0	1350175.0	7109.0	1.709	3466.0	2.873	0.02	0.0	0.0	0.0	0.0	0.0	0.0	0.594	1.026	0.94
7.056	TP63	1	0.992	0.905	2775.0	459418.0	7116.0	1.651	13502.0	4.405	1.004	29.0	20.0	13.0	6.0	2043.0	0.475	0.63	1.019	0.939
7.241	VDR	1	0.993	0.676	3210.0	149550.0	7346.0	1.922	5845.0	2.617	-0.18	49.0	8.0	2.0	10.0	1284.0	0.429	0.526	0.88	1.141
4.876	WNT7A	1	0.612	0.761	2687.0	330947.0	5794.0	1.291	1736.0	3.085	0.143	46.0	11.0	1.0	10.0	1050.0	0.386	0.484	0.827	1.12
5.466	CNOT3	1	0.577	0.277	0.0	22104.0	7606.0	1.357	310.0	3.398	0.557	0.0	0.0	0.0	0.0	0.0	0.0	0.424	0.963	1.008
4.979	ENY2	1	0.69	0.199	2654.0	204.0	3505.0	1.792	3410.0	3.444	1.26	2.0	0.0	0.0	1.5	171.0	0.608	0.633	0.891	1.241
-2.787	ESRRB	1	0.952	0.685	3380.0	224215.0	12560.0	2.177	5243.0	4.259	0.728	20.0	8.0	16.0	3.0	1365.0	0.39	0.513	0.928	1.045
4.357	FIP1L1	1	0.799	0.263	1414.0	11579.0	11356.0	1.811	1206.0	3.491	0.135	28.0	26.0	13.0	10.0	1785.0	0.533	0.645	0.903	1.128
4.997	FOXD3	1	0.966	0.878	634.0	538435.0	5793.0	1.797	330.0	1.449	0.0	16.0	22.0	10.0	10.0	1437.0	0.277	0.0	0.58	1.489
2.843	GDF3	1	0.986	0.613	95.0	29867.0	1388.0	3.475	18.0	1.258	0.222	30.0	8.0	4.0	3.0	1095.0	0.496	0.546	1.011	0.999
-3.998	KLF2	1	0.849	0.512	1655.0	126915.0	4988.0	1.366	1328.0	1.017	0.098	3.0	27.0	8.0	2.0	1068.0	0.257	0.338	0.804	1.082
3.015	LIF	1	0.983	0.575	3199.0	165749.0	5992.0	1.349	6210.0	1.526	1.01	29.0	4.0	2.0	3.0	609.0	0.402	0.382	0.91	1.058
2.966	MGA	1	0.834	0.3	5802.0	101185.0	19615.0	2.389	2246.0	2.64	1.164	170.0	93.0	33.0	30.0	8571.0	0.563	0.608	0.894	1.131
5.595	MYC	1	0.932	0.591	1994.0	327205.0	6405.0	1.909	1659.0	1.556	0.36	26.0	18.0	9.0	4.0	1365.0	0.413	0.468	0.769	1.271
5.241	MYC	1	0.932	0.591	1994.0	327205.0	6405.0	1.909	1659.0	1.556	0.36	26.0	18.0	9.0	4.0	1365.0	0.413	0.468	0.769	1.271
8.3	NACC1	1	0.617	0.222	2742.0	696.0	10045.0	2.569	2181.0	2.817	0.186	36.0	17.0	14.0	8.0	1584.0	0.353	0.464	0.926	1.032
5.658	NANOG	1	0.918	0.564	4052.0	24186.0	6964.0	2.641	3796.0	0.646	-0.044	13.0	11.0	6.0	4.0	918.0	0.507	0.574	0.999	0.994
6.06	NCL	1	0.615	0.251	0.0	68842.0	5562.0	1.255	1703.0	2.465	0.094	0.0	0.0	0.0	0.0	0.0	0.0	0.559	0.819	1.271
-2.268	NR0B1	1	0.952	0.911	374.0	65676.0	2370.0	1.617	58.0	1.549	0.47	37.0	12.0	2.0	12.0	1413.0	0.368	0.603	0.813	1.199
3.576	PCGF6	1	0.731	0.28	1110.0	74003.0	3520.0	3.182	787.0	3.233	0.287	16.0	3.0	7.0	4.0	1053.0	0.503	0.56	0.89	1.083
5.523	PCID2	1	0.623	0.286	0.0	29961.0	5118.0	1.224	1599.0	3.551	0.305	0.0	0.0	0.0	0.0	0.0	0.0	0.568	0.997	1.067
10.021	POU5F1	1	0.848	0.621	251.0	8582.0	6608.0	1.746	1775.0	1.484	0.086	10.0	6.0	1.0	2.0	495.0	0.436	0.463	0.0	0.0
6.512	PRDM14	1	0.875	1.0	427.0	236274.0	2876.0	3.121	602.0	2.501	-0.026	59.0	12.0	3.0	8.0	1716.0	0.462	0.543	0.779	1.192
7.679	SALL4	1	0.94	0.766	1935.0	34131.0	6628.0	2.242	1740.0	2.723	0.675	83.0	29.0	6.0	10.0	3162.0	0.43	0.531	0.95	1.018
2.638	SMAD1	1	0.602	0.29	0.0	363588.0	4769.0	1.512	1762.0	3.72	0.012	0.0	0.0	0.0	0.0	0.0	0.0	0.64	0.966	1.048
5.593	SMC1A	1	0.835	0.29	5955.0	101378.0	11411.0	2.866	5176.0	3.89	0.2	96.0	23.0	10.0	14.0	3636.0	0.494	0.549	0.925	1.094
3.793	SMC2	1	0.867	0.369	2095.0	1098927.0	6880.0	1.716	2983.0	3.796	-0.204	68.0	10.0	16.0	27.0	3594.0	0.613	0.642	0.893	1.152
8.434	SOX2	1	0.436	0.711	1123.0	722197.0	10088.0	2.033	625.0	3.924	1.426	12.0	14.0	12.0	2.0	954.0	0.342	0.0	0.798	1.153
9.244	SOX2	1	0.436	0.711	1123.0	722197.0	10088.0	2.033	625.0	3.924	1.426	12.0	14.0	12.0	2.0	954.0	0.342	0.0	0.798	1.153
-3.971	TBX3	1	0.963	0.702	1587.0	275733.0	8195.0	1.51	1582.0	3.875	1.32	62.0	13.0	4.0	10.0	2172.0	0.38	0.554	0.868	1.087
3.913	TCL1A	1	0.994	0.985	918.0	27759.0	2252.0	2.907	3237.0	-0.035	-0.206	14.0	5.0	2.0	1.0	345.0	0.414	0.527	1.08	1.15
4.811	TERT	1	0.992	0.856	3522.0	69667.0	7233.0	1.758	984.0	1.259	-0.165	42.0	18.0	0.0	14.0	1725.0	0.289	0.422	0.938	1.049
5.072	TET1	1	0.897	0.383	2674.0	32813.0	10883.0	2.605	332.0	2.999	0.201	135.0	75.0	24.0	25.0	6411.0	0.558	0.578	0.849	1.168
0.976	TFCP2L1	1	0.984	0.843	7755.0	549335.0	10679.0	2.276	2971.0	3.66	-0.127	54.0	12.0	1.0	4.0	1440.0	0.433	0.517	0.883	1.106
10.736	TRIM28	1	0.645	0.293	163.0	24509.0	3620.0	1.607	139.0	2.108	-0.13	50.0	23.0	7.0	15.0	2508.0	0.378	0.458	0.975	0.996
7.221	ZFP42	1	0.848	0.997	1307.0	1271914.0	3543.0	2.106	2318.0	0.021	-0.188	12.0	7.0	4.0	4.0	933.0	0.518	0.552	0.901	1.123
1.735	ZFX	1	0.72	0.327	4880.0	94773.0	8877.0	2.517	9303.0	2.919	0.826	66.0	16.0	11.0	12.0	2418.0	0.561	0.593	0.832	1.173
5.27	ZNF281	1	0.788	0.305	2079.0	382347.0	13636.0	2.27	1712.0	2.645	0.0	57.0	15.0	13.0	4.0	2688.0	0.528	0.31	0.822	1.281
10.384	CDKN1A	1	0.774	0.484	1538.0	84348.0	3283.0	1.805	6677.0	0.407	-0.115	6.0	4.0	2.0	2.0	495.0	0.364	0.454	0.963	0.986
10.775	COL1A1	1	0.981	0.732	1402.0	33917.0	7765.0	1.824	922.0	3.611	0.512	72.0	10.0	1.0	16.0	4395.0	0.349	0.431	1.024	0.959
11.489	COL1A2	1	0.977	0.705	0.0	418115.0	8520.0	1.845	115.0	2.774	0.4	0.0	0.0	0.0	0.0	0.0	0.0	0.63	0.987	1.046
10.63	CTGF	1	0.934	0.617	1089.0	143353.0	4176.0	1.664	459.0	3.051	0.634	36.0	5.0	1.0	11.0	1050.0	0.382	0.455	0.777	0.0
7.579	DDR2	1	0.818	0.551	7155.0	70959.0	12195.0	1.387	6134.0	3.52	0.0	55.0	18.0	20.0	13.5	2568.0	0.498	0.597	0.937	1.061
7.975	DKK3	1	0.959	0.573	8258.0	167111.0	21794.0	1.195	3030.0	1.88	-0.196	31.0	7.0	1.0	8.0	1053.0	0.392	0.514	0.866	1.045
7.472	GAS6	1	0.772	0.539	0.0	63969.0	7516.0	1.748	231.0	-0.274	-0.388	0.0	0.0	0.0	0.0	0.0	0.0	0.0	0.0	0.0
5.97	GSN	1	0.849	0.535	0.0	106501.0	8541.0	1.43	754.0	0.396	-0.059	0.0	0.0	0.0	0.0	0.0	0.0	0.564	0.967	1.024
2.273	KMT2B	1	0.438	0.0	322.0	13445.0	10683.0	1.407	250.0	2.974	0.211	155.0	133.0	23.0	31.0	8148.0	0.363	0.428	0.856	1.081
9.137	MIF	1	0.64	0.361	0.0	32262.0	2589.0	2.454	154.0	1.985	-0.042	0.0	0.0	0.0	0.0	0.0	0.0	0.249	1.044	0.972
3.757	OSR1	1	0.978	0.712	0.0	767343.0	4474.0	1.793	892.0	1.428	0.2	0.0	0.0	0.0	0.0	0.0	0.0	0.522	0.979	1.065
8.392	P4HA1	1	0.65	0.384	999.0	142168.0	3145.0	2.606	1522.0	3.988	0.144	20.0	11.0	6.0	2.0	1605.0	0.583	0.613	0.924	1.106
9.478	PDGFRA	1	0.941	0.529	2974.0	129130.0	11473.0	1.651	1299.0	3.628	0.776	89.0	20.0	27.0	6.0	3270.0	0.526	0.563	0.759	1.343
6.686	PRRX1	1	0.87	0.649	3236.0	131965.0	5613.0	1.299	3125.0	3.66	0.0	14.0	6.0	4.0	6.0	738.0	0.423	0.61	0.751	1.388
4.522	S100A4	1	0.951	0.638	0.0	3332.0	1011.0	2.247	895.0	0.991	0.0	0.0	0.0	0.0	0.0	0.0	0.0	0.505	0.0	0.0
2.799	SNAI1	1	0.864	0.512	831.0	46583.0	2105.0	1.479	959.0	1.69	-0.124	8.0	15.0	5.0	2.0	795.0	0.376	0.46	0.927	0.997
6.18	TCF21	1	0.98	0.748	2409.0	427425.0	5124.0	1.421	1806.0	2.929	1.287	11.0	8.0	3.0	3.0	540.0	0.387	0.553	1.007	0.972
4.939	TWIST2	1	0.963	0.756	730.0	421158.0	1467.0	1.98	1085.0	2.606	1.373	6.0	6.0	5.0	4.0	483.0	0.337	0.494	0.872	1.062
12.31	VIM	1	0.894	0.628	1352.0	28331.0	4970.0	1.884	114.0	3.409	0.682	11.0	1.0	5.0	3.0	687.0	0.491	0.613	0.846	1.223
7.523	ABCC1	1	0.924	0.429	1794.0	60973.0	7963.0	2.946	2570.0	3.019	-0.064	131.0	27.0	36.0	10.0	4626.0	0.435	0.518	0.941	1.039
8.077	ALDH1A1	1	0.95	0.453	538.0	431446.0	2781.0	1.602	260.0	3.43	0.519	23.0	10.0	8.0	3.0	1506.0	0.546	0.641	0.994	1.026
7.379	BMI1	1	0.541	0.238	1943.0	4690.0	11517.0	1.132	409.0	4.699	0.845	14.0	9.0	6.0	4.5	981.0	0.59	0.572	0.824	1.218
9.286	CD164	1	0.824	0.313	0.0	277363.0	5678.0	1.475	5569.0	0.634	0.054	0.0	0.0	0.0	0.0	0.0	0.0	0.67	0.916	1.155
8.859	CD34	1	0.878	0.524	6767.0	159058.0	12311.0	1.252	4986.0	0.741	0.142	23.0	8.0	3.0	4.0	1158.0	0.473	0.551	0.921	1.063
5.716	CD38	1	0.957	0.576	4631.0	75232.0	6598.0	1.501	2420.0	0.568	-0.141	26.0	6.0	3.0	2.0	903.0	0.511	0.59	0.943	1.092
6.448	CXCR4	1	0.982	0.686	521.0	130617.0	2455.0	2.774	521.0	2.861	0.193	39.0	6.0	1.0	3.0	1071.0	0.499	0.0	0.0	0.0
7.917	ETV6	1	0.871	0.445	4332.0	254106.0	9750.0	1.891	2057.0	3.734	0.536	16.0	14.0	9.0	3.0	1359.0	0.468	0.569	0.945	1.03
7.762	FLT3	1	0.91	0.772	779.0	111883.0	4312.0	2.433	485.0	2.554	0.22	72.0	16.0	18.0	11.0	2982.0	0.566	0.568	0.928	1.051
-1.22	GFI1B	1	0.998	0.85	0.0	65222.0	4721.0	2.095	3214.0	0.039	0.141	0.0	0.0	0.0	0.0	0.0	0.0	0.48	0.989	0.997
4.077	HOXB4	1	0.93	0.606	1216.0	24428.0	10720.0	1.565	1237.0	2.609	1.693	27.0	8.0	1.0	8.0	756.0	0.315	0.466	0.0	0.0
5.429	JAK2	1	0.867	0.432	3158.0	192328.0	11739.0	1.582	452.0	3.988	0.149	56.0	26.0	33.0	16.0	3399.0	0.613	0.626	0.826	1.204
6.598	KIT	1	0.951	0.494	2159.0	428664.0	5747.0	1.428	2481.0	3.127	0.242	78.0	15.0	26.0	15.0	2931.0	0.551	0.592	0.823	1.185
0.399	KIT	1	0.951	0.494	2159.0	428664.0	5747.0	1.428	2481.0	3.127	0.242	78.0	15.0	26.0	15.0	2931.0	0.551	0.592	0.823	1.185
8.67	LMO2	1	0.614	0.312	781.0	117558.0	3354.0	1.805	1105.0	1.894	0.098	23.0	8.0	2.0	6.0	684.0	0.367	0.543	1.017	0.99
9.491	MYB	1	0.988	0.769	1193.0	126485.0	5569.0	1.884	3228.0	4.008	0.526	39.0	25.0	7.0	10.0	2286.0	0.527	0.607	0.785	1.248
5.355	NOTCH1	1	0.699	0.352	4353.0	62289.0	12871.0	1.628	465.0	3.738	0.016	287.0	46.0	2.0	46.0	5247.0	0.348	0.365	0.907	1.025
7.016	NOTCH1	1	0.699	0.352	4353.0	62289.0	12871.0	1.628	465.0	3.738	0.016	287.0	46.0	2.0	46.0	5247.0	0.348	0.365	0.907	1.025
8.598	PROM1	1	0.929	0.76	1167.0	121203.0	6240.0	1.67	3424.0	1.618	-0.166	59.0	10.0	15.0	11.0	2571.0	0.57	0.57	0.882	1.112
6.621	PTEN	1	0.514	0.327	6459.0	91.0	12808.0	1.711	1180.0	5.124	0.85	24.0	11.0	16.0	4.0	1212.0	0.616	0.645	0.764	1.331
7.513	RUNX1	1	0.93	0.579	4335.0	219697.0	12346.0	1.55	4531.0	3.599	0.45	47.0	5.0	1.0	12.0	1362.0	0.359	0.558	0.714	1.228
8.368	STAT5A	1	0.923	0.443	1275.0	11155.0	5197.0	1.957	3942.0	3.973	0.25	51.0	17.0	14.0	5.0	2385.0	0.413	0.461	0.919	1.042
7.887	STAT5B	1	0.642	0.333	2562.0	82196.0	7679.0	2.406	1327.0	4.324	0.084	76.0	16.0	4.0	8.0	2364.0	0.449	0.571	0.868	1.128
7.696	TGFB1	1	0.873	0.516	730.0	3012.0	8441.0	3.352	627.0	1.848	0.313	45.0	11.0	1.0	10.0	1173.0	0.375	0.491	0.773	1.194
3.732	TGFB1	1	0.873	0.516	730.0	3012.0	8441.0	3.352	627.0	1.848	0.313	45.0	11.0	1.0	10.0	1173.0	0.375	0.491	0.773	1.194
4.275	ZBTB16	1	0.911	0.479	6211.0	84636.0	25397.0	1.562	5592.0	3.967	0.723	30.0	18.0	12.0	7.0	2022.0	0.401	0.527	0.787	1.179
8.258	ALCAM	1	0.921	0.46	2451.0	2931894.0	7766.0	1.362	1501.0	2.891	0.177	42.0	16.0	14.0	8.0	1752.0	0.578	0.648	0.775	1.322
4.529	ALPL	1	0.713	0.736	763.0	69286.0	3173.0	2.136	3565.0	2.645	-0.011	39.0	15.0	16.0	7.0	1575.0	0.405	0.487	0.913	1.038
0.75	B4GALNT1	1	0.747	0.745	0.0	17872.0	14638.0	1.311	7346.0	1.785	-0.029	0.0	0.0	0.0	0.0	0.0	0.0	0.46	1.019	0.901
9.826	CD44	1	0.917	0.564	3070.0	223041.0	7693.0	1.568	12513.0	1.198	0.204	28.0	21.0	7.0	7.0	2229.0	0.514	0.587	0.869	1.155
8.871	ENG	1	0.802	0.518	901.0	51755.0	4585.0	2.731	2249.0	0.874	0.386	47.0	9.0	4.0	11.0	1878.0	0.391	0.477	0.923	1.053
10.034	FN1	1	0.982	0.899	0.0	81631.0	11061.0	2.363	1233.0	3.22	0.34	0.0	0.0	0.0	0.0	0.0	0.0	0.609	1.057	0.958
0.711	FZD9	1	0.546	0.587	338.0	105525.0	3109.0	1.901	550.0	3.137	0.155	40.0	28.0	16.0	6.0	1776.0	0.323	0.0	1.001	1.033
7.955	ITGA1	1	0.886	0.612	6759.0	0.0	26663.0	1.436	1752.0	2.871	0.218	90.0	17.0	26.0	16.0	3540.0	0.584	0.633	0.935	1.08
6.412	MCAM	1	0.887	0.695	0.0	112039.0	11688.0	1.565	1291.0	0.991	0.07	0.0	0.0	0.0	0.0	0.0	0.0	0.356	0.847	1.127
8.356	NT5E	1	0.909	0.566	1788.0	684985.0	4924.0	1.273	1785.0	2.617	-0.121	44.0	10.0	11.0	6.0	1575.0	0.528	0.571	0.973	1.03
2.555	PDGFB	1	0.788	0.395	1985.0	92302.0	7085.0	1.482	3939.0	1.821	0.532	20.0	7.0	1.0	4.0	726.0	0.377	0.424	0.859	1.095
4.724	SUSD2	1	0.962	0.654	0.0	171159.0	5305.0	1.919	250.0	0.624	-0.447	0.0	0.0	0.0	0.0	0.0	0.0	0.332	1.004	1.004
5.716	THY1	1	0.815	0.655	3933.0	41482.0	13412.0	1.349	11176.0	0.931	0.054	18.0	2.0	0.0	2.0	486.0	0.426	0.442	1.038	0.951
2.52	VCAM1	1	0.985	0.688	0.0	197036.0	4417.0	1.434	991.0	0.298	0.0	0.0	0.0	0.0	0.0	0.0	0.0	0.0	0.962	1.216
5.856	ZEB1	1	0.758	0.413	2550.0	289214.0	8326.0	1.254	4512.0	3.974	1.049	65.0	37.0	15.0	10.0	3327.0	0.57	0.644	0.778	1.277
7.996	CDO1	1	0.954	0.538	701.0	190498.0	2035.0	1.933	199.0	3.297	-0.081	17.0	3.0	2.0	2.0	603.0	0.536	0.609	0.851	1.235
7.222	CHD3	1	0.84	0.33	1171.0	30786.0	8771.0	1.967	2846.0	3.921	0.496	88.0	42.0	35.0	33.0	6003.0	0.449	0.498	0.948	1.075
0.426	CYB5R4	1	0.795	0.315	7546.0	6099.0	12052.0	1.632	3174.0	2.492	0.083	36.0	11.0	12.0	4.5	1566.0	0.605	0.628	0.991	1.006
2.291	CYP26B1	1	0.906	0.63	2990.0	694302.0	5991.0	1.24	6801.0	3.296	0.811	46.0	13.0	1.0	18.0	1539.0	0.37	0.39	0.934	1.027
4.56	DAB1	1	0.898	0.724	3368.0	457920.0	10905.0	1.396	2491.0	4.365	0.0	28.0	10.0	6.0	4.0	1668.0	0.491	0.589	0.812	1.19
6.02	ERBB2	1	0.828	0.494	0.0	19346.0	6213.0	2.214	2819.0	2.917	0.126	0.0	0.0	0.0	0.0	0.0	0.0	0.494	0.894	1.068
8.503	FABP7	1	0.584	0.852	1550.0	307842.0	3432.0	2.256	2128.0	2.708	0.253	14.0	3.0	1.0	1.5	501.0	0.573	0.663	0.962	1.083
7.575	FOXG1	1	0.771	0.859	1529.0	2168753.0	21989.0	1.523	169.0	3.032	0.581	14.0	34.0	14.0	1.0	1470.0	0.328	0.0	0.675	1.583
6.83	FOXG1	1	0.771	0.859	1529.0	2168753.0	21989.0	1.523	169.0	3.032	0.581	14.0	34.0	14.0	1.0	1470.0	0.328	0.0	0.675	1.583
1.847	GFAP	1	0.715	0.895	4189.0	15727.0	12523.0	1.347	5909.0	3.183	0.305	40.0	15.0	0.0	5.0	1299.0	0.383	0.45	0.982	1.011
9.574	HES1	1	0.768	0.496	500.0	542940.0	2263.0	2.101	216.0	3.745	0.99	15.0	15.0	3.0	7.0	843.0	0.372	0.414	0.78	1.116
8.353	HES5	1	0.953	0.669	725.0	3667.0	1924.0	1.723	1038.0	1.593	0.675	17.0	4.0	0.0	3.0	501.0	0.297	0.179	0.0	0.0
4.435	ISOC1	1	0.873	0.335	1028.0	129261.0	2740.0	1.524	479.0	3.423	0.133	33.0	6.0	4.0	6.0	897.0	0.466	0.615	0.89	1.166
5.593	MCM5	1	0.944	0.442	0.0	29316.0	5534.0	1.85	707.0	3.57	-0.051	0.0	0.0	0.0	0.0	0.0	0.0	0.479	1.004	1.011
9.286	NES	1	0.875	0.448	560.0	35291.0	9117.0	1.716	414.0	1.578	0.0	64.0	63.0	15.0	19.0	4866.0	0.408	0.415	1.011	0.972
3.762	PDGFC	1	0.949	0.482	2637.0	1017887.0	10695.0	1.511	1512.0	3.098	0.119	23.0	7.0	9.0	2.0	1038.0	0.552	0.641	0.833	1.242
4.22	PPIG	1	0.598	0.239	0.0	10487.0	8361.0	2.309	3262.0	3.914	0.206	0.0	0.0	0.0	0.0	0.0	0.0	0.615	0.902	1.151
-1.538	RLBP1	1	0.404	0.814	417.0	133124.0	2015.0	1.966	418.0	2.688	0.05	23.0	6.0	1.0	4.0	954.0	0.432	0.519	0.998	1.029
8.85	RPS28	1	0.681	0.275	0.0	12857.0	2314.0	1.78	1356.0	0.674	0.045	0.0	0.0	0.0	0.0	0.0	0.0	0.429	0.928	0.976
7.336	S100B	1	0.47	0.829	760.0	146192.0	1608.0	1.425	1649.0	1.094	-0.024	10.0	1.0	0.0	1.0	279.0	0.523	0.569	1.048	0.98
7.293	SOX1	1	0.929	0.796	2873.0	750965.0	14629.0	1.588	1029.0	1.079	0.25	14.0	16.0	14.0	2.0	1176.0	0.236	0.0	0.727	1.201
2.801	ASCL1	1	0.353	0.782	1201.0	40429.0	5146.0	2.229	738.0	1.966	0.702	10.0	11.0	5.0	9.5	711.0	0.318	0.535	0.811	1.195
7.426	BCL11B	1	0.952	0.735	4865.0	2407290.0	13985.0	1.831	2712.0	3.223	1.469	107.0	21.0	3.0	28.0	2685.0	0.312	0.492	0.823	1.118
12.224	CD24	1	0.967	0.0	1831.0	345888.0	3212.0	1.228	3823.0	0.518	-0.038	3.0	3.0	0.0	0.5	243.0	0.453	0.462	0.743	1.34
8.183	DCX	1	0.831	0.799	7909.0	140663.0	12786.0	1.365	23364.0	3.813	1.012	37.0	6.0	3.0	3.0	1083.0	0.49	0.608	0.965	1.043
8.152	ENO2	1	0.534	0.657	897.0	10385.0	4393.0	2.813	1354.0	4.166	-0.008	32.0	6.0	7.0	7.0	1305.0	0.448	0.47	0.838	1.126
8.729	FOS	1	0.942	0.55	807.0	102215.0	2958.0	1.411	394.0	3.173	0.558	18.0	15.0	6.0	8.0	1143.0	0.395	0.44	0.6	1.337
6.968	GABBR1	1	0.902	0.433	1306.0	48063.0	8205.0	2.272	3603.0	3.924	0.268	80.0	22.0	2.0	17.0	2886.0	0.439	0.52	0.942	1.019
6.353	GAD2	1	0.892	0.867	3598.0	282545.0	7799.0	1.843	1915.0	4.249	0.085	32.0	9.0	13.0	11.0	1758.0	0.519	0.573	0.81	1.21
9.808	INA	1	0.818	0.829	1678.0	31251.0	4418.0	2.672	670.0	2.868	0.336	19.0	4.0	8.0	9.0	1500.0	0.371	0.557	0.826	1.2
3.671	JAG1	1	0.848	0.564	1815.0	238695.0	9434.0	2.113	606.0	4.644	0.848	158.0	32.0	8.0	21.0	3657.0	0.46	0.53	0.784	1.167
8.998	MAP2	1	0.886	0.739	3722.0	1172817.0	13310.0	1.46	7576.0	3.344	1.196	113.0	65.0	15.0	43.0	5973.0	0.528	0.649	1.006	0.988
7.068	MAPT	1	0.859	0.747	4164.0	49673.0	10522.0	1.858	25744.0	2.515	0.14	44.0	37.0	6.0	8.0	2502.0	0.388	0.507	0.84	1.091
3.757	MSI1	1	0.663	0.6	1799.0	43071.0	5405.0	2.134	1300.0	4.32	0.218	35.0	17.0	1.0	2.0	1089.0	0.39	0.466	0.858	1.057
6.033	MYT1L	1	0.934	0.834	2729.0	582039.0	10503.0	1.25	11054.0	3.972	0.457	130.0	21.0	9.0	22.0	3555.0	0.46	0.554	1.107	0.807
7.099	NCAM1	1	0.656	0.531	3025.0	700386.0	9760.0	1.472	8377.0	3.698	1.104	69.0	25.0	17.0	10.0	2655.0	0.45	0.584	0.831	1.153
0.561	NR2F1	1	0.56	0.542	770.0	2199904.0	21630.0	1.721	277.0	3.838	2.417	22.0	19.0	12.0	8.0	1272.0	0.348	0.543	0.774	1.183
5.773	POU3F2	1	0.625	0.79	3254.0	1551397.0	8081.0	1.886	1085.0	2.322	1.421	17.0	19.0	5.0	6.0	1332.0	0.313	0.0	0.623	1.746
0.885	RBFOX3	1	0.937	0.845	0.0	20099.0	3822.0	1.651	6112.0	3.137	-0.282	0.0	0.0	0.0	0.0	0.0	0.0	0.389	0.986	1.024
8.092	SOX11	1	0.808	0.759	7339.0	1988809.0	24313.0	3.045	1739.0	1.909	0.647	13.0	13.0	10.0	9.5	1326.0	0.32	0.0	0.856	1.169
10.963	TUBB3	1	0.773	0.742	0.0	9928.0	16615.0	1.551	859.0	2.963	0.015	0.0	0.0	0.0	0.0	0.0	0.0	0.408	1.167	0.887
6.74	EMD	1	0.695	0.289	0.0	8095.0	1443.0	1.997	823.0	0.534	-0.038	0.0	0.0	0.0	0.0	0.0	0.0	0.342	0.789	1.118
2.745	EYA1	1	0.945	0.759	1830.0	878723.0	11287.0	1.349	6184.0	4.371	0.147	45.0	7.0	7.0	5.5	1779.0	0.531	0.625	0.882	1.142
1.162	EYA2	1	0.814	0.575	712.0	184975.0	4102.0	1.929	2244.0	3.562	0.163	27.0	13.0	20.0	10.0	1527.0	0.441	0.547	1.006	0.984
0.705	GLI2	1	0.854	0.536	1979.0	389732.0	8406.0	1.283	1381.0	3.74	0.406	74.0	80.0	32.0	24.0	4710.0	0.335	0.479	0.945	1.037
4.165	LEMD2	1	0.328	0.255	0.0	35341.0	6032.0	1.944	3003.0	1.674	-0.157	0.0	0.0	0.0	0.0	0.0	0.0	0.464	1.06	0.93
3.698	MAPK12	1	0.952	0.474	0.0	9738.0	11370.0	1.558	1209.0	1.948	-0.139	0.0	0.0	0.0	0.0	0.0	0.0	0.367	0.946	1.02
6.367	MEF2A	1	0.802	0.303	3696.0	314219.0	10619.0	1.635	8659.0	3.787	0.19	26.0	26.0	8.0	7.0	1500.0	0.504	0.634	0.773	1.331
7.392	MEF2C	1	0.971	0.51	5488.0	614336.0	17517.0	1.75	29133.0	5.241	1.208	54.0	7.0	4.0	2.0	1422.0	0.495	0.641	0.964	1.032
6.213	MEF2D	1	0.94	0.334	3919.0	91745.0	8368.0	1.995	7924.0	3.366	0.0	46.0	14.0	1.0	8.0	1566.0	0.379	0.463	0.917	1.033
-4.646	MEOX1	1	0.975	0.683	1522.0	115582.0	3587.0	3.134	4725.0	2.125	1.256	28.0	9.0	1.0	4.0	765.0	0.379	0.485	0.958	1.037
6.364	MET	1	0.95	0.494	2254.0	146665.0	9730.0	1.23	1423.0	3.238	0.359	109.0	28.0	22.0	17.0	4227.0	0.565	0.612	0.925	1.063
10.29	MYF5	1	0.997	0.999	621.0	9278.0	1773.0	1.664	171.0	2.224	0.68	13.0	7.0	5.0	3.0	768.0	0.436	0.558	0.803	1.304
6.261	MYF6	1	0.997	0.989	515.0	263399.0	1673.0	1.379	317.0	2.735	2.172	12.0	10.0	3.0	3.0	729.0	0.431	0.393	1.054	0.952
7.808	MYOD1	1	0.999	0.993	629.0	172198.0	1697.0	1.493	654.0	2.016	0.31	10.0	15.0	6.0	2.0	963.0	0.3	0.404	0.862	1.066
8.575	MYOG	1	0.997	0.985	782.0	59515.0	2282.0	2.925	1025.0	2.364	0.0	23.0	8.0	0.0	5.0	675.0	0.363	0.417	0.0	0.0
4.697	NRG1	1	0.861	0.528	9645.0	605435.0	15143.0	1.624	38079.0	3.793	0.463	35.0	17.0	9.0	7.0	1824.0	0.493	0.621	0.807	1.248
0.723	PAX3	1	0.906	0.827	1522.0	726694.0	6064.0	1.698	3765.0	4.212	0.479	44.0	10.0	4.0	7.0	1455.0	0.426	0.606	0.77	1.381
1.737	PAX7	1	0.936	0.884	3938.0	149916.0	7471.0	1.488	2096.0	4.079	0.266	26.0	18.0	15.0	6.0	1518.0	0.367	0.478	0.913	1.058
5.782	SIX1	1	0.991	0.855	2863.0	140332.0	5744.0	2.747	1238.0	2.559	0.944	34.0	5.0	1.0	5.0	855.0	0.387	0.463	0.801	1.27
7.55	SIX2	1	0.98	0.762	989.0	67751.0	2560.0	1.332	748.0	2.374	1.303	39.0	5.0	0.0	12.0	876.0	0.344	0.437	0.912	1.111
5.377	SMTN	1	0.936	0.702	0.0	118832.0	5475.0	1.298	745.0	1.74	0.192	0.0	0.0	0.0	0.0	0.0	0.0	0.414	0.948	1.063
6.513	TCF12	1	0.787	0.292	3710.0	72.0	7721.0	1.967	10575.0	4.562	0.26	25.0	26.0	10.0	7.0	2121.0	0.535	0.631	0.794	1.251
7.231	TEAD4	1	0.966	0.515	199.0	68506.0	1944.0	2.212	1234.0	3.441	0.038	21.0	11.0	10.0	8.0	1305.0	0.411	0.486	0.924	1.051
3.702	AK125558_GM12878	0	0.0	0.0	0.0	34502.0	9336.0	2.542	0.0	-0.086	0.0	0.0	0.0	0.0	0.0	0.0	0.0	0.582	0.978	1.048
-10.94	BAI3_GM12878	0	0.854	0.684	3061.0	2928064.0	11075.0	1.363	126.0	5.194	0.546	67.0	19.0	20.0	13.0	3192.0	0.56	0.649	0.882	1.143
-10.94	BC107108_GM12878	0	0.0	0.0	0.0	136738.012	1238.0	1.622	0.0	2.975	0.0	0.0	0.0	0.0	0.0	0.0	0.0	0.579	0.941	1.119
3.578	C21ORF58_GM12878	0	0.932	0.433	870.0	37417.0	3462.0	2.774	4183.0	0.767	-0.071	26.0	8.0	1.0	2.5	969.0	0.355	0.488	0.925	1.015
-0.888	C2ORF78_GM12878	0	0.999	0.999	156.0	4067.0	3097.0	1.672	18.0	0.623	0.134	51.0	34.0	11.0	17.0	2769.0	0.52	0.575	1.0	0.992
2.247	C9ORF117_GM12878	0	0.985	0.72	2098.0	94740.0	8713.0	2.178	1587.0	1.198	0.014	29.0	10.0	4.0	5.0	1563.0	0.417	0.449	1.142	0.888
-3.064	CCDC178_GM12878	0	0.981	0.757	605.0	667670.0	5465.0	1.35	1715.0	0.749	-0.097	42.0	9.0	24.0	2.0	2604.0	0.642	0.651	0.869	1.173
1.529	CCDC19_GM12878	0	0.986	0.736	120.0	25216.0	2845.0	1.35	169.0	1.949	0.0	23.0	18.0	0.0	2.0	1401.0	0.465	0.548	0.945	1.062
4.433	DCAF10_GM12878	0	0.736	0.266	6157.0	46992.0	22006.0	2.186	5188.0	3.754	0.245	26.0	16.0	7.0	4.0	1680.0	0.474	0.619	0.842	1.203
-4.207	DCAF8L2_GM12878	0	1.0	1.0	0.0	127041.0	5930.0	1.376	702.0	0.625	0.227	43.0	10.0	8.0	6.0	1896.0	0.493	0.645	0.951	1.065
-10.94	DNAJB8_GM12878	0	1.0	0.999	109.0	313488.0	6833.0	1.971	128.0	0.167	-0.354	28.0	7.0	0.0	4.0	699.0	0.402	0.525	1.191	0.948
4.117	EXPH5_GM12878	0	0.978	0.786	4103.0	102264.0	12649.0	1.925	6271.0	1.189	0.163	113.0	47.0	22.0	7.0	5970.0	0.576	0.585	0.944	1.035
-10.94	FAM5C_GM12878	0	0.678	0.709	361.0	3648916.0	5570.0	1.438	85.0	4.217	0.0	65.0	16.0	8.0	11.0	2301.0	0.534	0.669	0.875	1.196
1.759	GDPGP1_GM12878	0	0.664	0.252	3746.0	63.0	16240.0	3.525	2148.0	0.141	0.067	27.0	14.0	4.0	10.0	1158.0	0.413	0.54	0.893	1.097
5.381	GFOD1_GM12878	0	0.724	0.402	6914.0	159045.0	12095.0	1.74	10114.0	0.96	0.193	43.0	6.0	0.0	13.0	1173.0	0.358	0.555	0.827	1.166
-0.969	HP09025_GM12878	0	0.0	0.0	0.0	606855.0	7532.0	2.369	0.0	-0.542	0.0	0.0	0.0	0.0	0.0	0.0	0.0	0.346	0.806	1.105
7.872	IGJ_GM12878	0	0.981	0.909	789.0	37765.0	2909.0	2.339	595.0	1.714	0.331	15.0	3.0	1.0	1.0	480.0	0.562	0.63	1.037	0.975
-10.94	KDM5D_GM12878	0	0.91	0.412	2131.0	971011.0	10352.0	1.577	1538.0	2.285	-0.116	103.0	25.0	10.0	23.0	4620.0	0.472	0.632	1.04	0.959
6.683	KIAA1432_GM12878	0	0.696	0.337	2312.0	118576.0	15678.0	1.661	1254.0	4.32	0.228	88.0	29.0	19.0	28.0	4272.0	0.537	0.628	0.84	1.215
-10.94	LINC00479_GM12878	0	0.0	0.0	0.0	208075.0	3666.0	1.811	0.0	-0.146	0.0	0.0	0.0	0.0	0.0	0.0	0.0	0.485	1.009	1.248
-3.081	LOC646862_GM12878	0	0.989	0.932	0.0	2600.0	2110.0	2.439	0.0	-0.209	-0.586	15.0	25.0	2.0	3.0	990.0	0.24	0.0	0.973	1.036
5.775	MAK16_GM12878	0	0.58	0.249	2634.0	12035.0	8209.0	3.138	1749.0	3.716	-0.24	10.0	5.0	6.0	3.0	903.0	0.558	0.597	0.873	1.18
5.309	MANBAL_GM12878	0	0.19	0.277	846.0	35081.0	2277.0	1.511	5382.0	0.877	0.322	6.0	7.0	1.0	2.0	258.0	0.426	0.52	1.107	0.895
4.935	PPP6R2_GM12878	0	0.631	0.225	844.0	16314.0	5760.0	3.265	4425.0	2.738	-0.166	58.0	24.0	4.0	17.0	2880.0	0.4	0.492	0.779	1.184
5.21	PRKRIR_GM12878	0	0.568	0.255	0.0	153071.0	7368.0	1.965	268.0	1.298	0.084	0.0	0.0	0.0	0.0	0.0	0.0	0.581	1.072	0.91
5.432	PTAR1_GM12878	0	0.764	0.266	8818.0	87640.0	11415.0	1.695	5928.0	3.528	0.03	32.0	11.0	5.0	4.0	1209.0	0.536	0.638	0.892	1.194
1.814	RBSG2_GM12878	0	0.0	0.0	0.0	13792.0	2369.0	2.103	0.0	-0.49	0.0	0.0	0.0	0.0	0.0	0.0	0.0	0.0	0.0	0.0
4.587	RNF26_GM12878	0	0.434	0.276	886.0	16149.0	5397.0	1.987	917.0	1.323	0.14	40.0	7.0	5.0	8.0	1302.0	0.392	0.0	1.079	0.906
3.399	SCAND1_GM12878	0	0.579	0.157	117.0	187458.0	3194.0	1.248	390.0	0.161	0.188	4.0	8.0	1.0	3.0	540.0	0.294	0.589	1.256	0.724
4.596	STARD3_GM12878	0	0.482	0.237	0.0	25773.0	4907.0	1.85	3153.0	2.001	0.096	0.0	0.0	0.0	0.0	0.0	0.0	0.395	1.079	0.937
2.927	ZNF440_GM12878	0	0.84	0.363	2253.0	15750.0	4904.0	2.345	1557.0	-0.142	-0.096	29.0	14.0	22.0	5.0	1788.0	0.586	0.554	0.883	1.133
0.66	ZNF793_GM12878	0	0.571	0.395	5455.0	37583.0	8880.0	2.419	5190.0	0.512	0.056	16.0	7.0	9.0	5.5	1221.0	0.543	0.564	0.971	1.044
0.127	C10ORF35_HUVEC	0	0.521	0.602	538.0	56824.0	1658.0	2.321	763.0	0.79	-0.038	10.0	4.0	1.0	1.5	366.0	0.385	0.431	0.811	0.937
0.528	C10ORF35_MSC	0	0.521	0.602	538.0	56824.0	1658.0	2.321	763.0	0.79	-0.038	10.0	4.0	1.0	1.5	366.0	0.385	0.431	0.811	0.937
6.208	C11ORF73_HUVEC	0	0.402	0.226	872.0	38266.0	2453.0	2.033	339.0	2.743	0.062	20.0	6.0	4.0	3.0	585.0	0.576	0.621	0.963	1.084
-0.49	C1ORF228_HUVEC	0	0.887	0.503	1020.0	257.0	2842.0	3.023	1812.0	1.138	0.0	16.0	5.0	4.0	3.0	807.0	0.502	0.529	0.943	1.07
-9.31	C21ORF54_HUVEC	0	0.0	0.0	0.0	100509.0	1748.0	2.63	0.0	-0.258	0.0	0.0	0.0	0.0	0.0	0.0	0.0	0.509	1.006	1.006
-9.31	CCDC73_HUVEC	0	0.994	0.804	3628.0	210780.0	4631.0	1.827	456.0	1.935	-0.136	4.0	2.0	3.0	0.5	477.0	0.652	0.625	0.905	1.118
-9.31	CDH7_HUVEC	0	0.912	0.902	9444.0	1780983.0	16071.0	1.609	4636.0	3.318	0.185	56.0	14.0	17.0	11.0	2358.0	0.532	0.65	0.85	1.208
2.225	CRYBG3_HUVEC	0	0.757	0.385	1671.0	57253.0	19975.0	1.325	357.0	2.415	0.018	171.0	67.0	39.0	32.0	8913.0	0.595	0.632	0.871	1.183
1.994	DCP2_HUVEC	0	0.766	0.297	8712.0	54570.0	11319.0	2.512	6457.0	3.819	-0.024	15.0	11.0	6.0	4.5	1263.0	0.589	0.621	0.895	1.127
4.046	DKFZP434K1323_HUVEC	0	0.428	0.271	333.0	177858.907	3493.0	1.105	442.0	2.459	-0.098	36.0	9.0	6.0	8.0	1398.0	0.383	0.468	1.188	0.822
3.157	FAM122A_HUVEC	0	0.652	0.235	4539.0	37810.0	15345.0	1.296	1931.0	0.765	0.586	13.0	10.0	1.0	3.0	864.0	0.434	0.0	0.933	1.088
1.198	FAM222A_HUVEC	0	0.679	0.641	1208.0	125964.0	7524.0	1.942	1786.0	1.621	0.264	25.0	29.0	15.0	8.0	1359.0	0.321	0.48	0.841	1.11
4.626	FAM24B_HUVEC	0	0.674	0.352	170.0	23808.0	1540.0	1.161	29.0	-0.11	-0.185	8.0	2.0	3.0	1.0	285.0	0.491	0.592	0.939	1.061
-4.136	GUCY1B2_HUVEC	0	0.0	0.0	0.0	156227.0	5875.0	1.636	0.0	1.886	0.0	0.0	0.0	0.0	0.0	0.0	0.0	0.572	0.956	1.022
-0.14	LOC653653_HUVEC	0	0.0	0.0	0.0	23998.0	1711.0	0.0	0.0	1.151	0.0	0.0	0.0	0.0	0.0	0.0	0.0	0.0	0.0	0.0
4.763	LONP2_HUVEC	0	0.774	0.218	5548.0	97529.0	13267.0	1.972	4714.0	4.208	0.286	61.0	18.0	9.0	15.0	2559.0	0.515	0.607	0.926	1.107
3.473	LYPLAL1_HUVEC	0	0.825	0.185	0.0	828560.0	4087.0	1.454	1843.0	1.945	-0.18	0.0	0.0	0.0	0.0	0.0	0.0	0.663	0.905	1.207
5.089	NPIPL3_HUVEC	0	0.464	0.26	48.0	127074.0	1742.0	6.479	0.0	-0.425	-0.038	10.0	17.0	1.0	1.5	1263.0	0.42	0.42	0.988	0.0
-1.066	NPIPL3_neural	0	0.464	0.26	48.0	127074.0	1742.0	6.479	0.0	-0.425	-0.038	10.0	17.0	1.0	1.5	1263.0	0.42	0.42	0.988	0.0
-9.31	OXGR1_HUVEC	0	0.836	0.552	1034.0	904370.0	3159.0	1.35	972.0	0.055	-0.222	30.0	4.0	5.0	3.0	1014.0	0.554	0.575	0.939	1.087
0.139	RNF224_HUVEC	0	0.957	0.549	555.0	2867.0	1577.0	2.441	233.0	-0.327	-0.629	4.0	14.0	2.0	3.0	471.0	0.304	0.34	1.058	0.977
-9.31	SPAG11A_HUVEC	0	0.0	0.0	294.0	11440.0	1166.0	1.485	956.0	-0.14	-0.192	7.0	3.0	3.0	1.5	342.0	0.488	0.505	1.021	0.938
3.537	TRMT12_HUVEC	0	0.577	0.21	753.0	78118.0	2718.0	2.083	489.0	1.318	0.221	41.0	8.0	6.0	10.0	1347.0	0.486	0.0	0.994	1.004
-9.31	VCX3B_HUVEC	0	0.99	0.897	128.0	293562.0	1543.0	3.547	128.0	-0.32	0.274	15.0	16.0	0.0	4.0	741.0	0.389	0.435	1.265	1.037
3.226	ZNF841_HUVEC	0	0.716	0.356	643.0	46927.0	8008.0	1.982	2787.0	-0.109	-0.318	63.0	15.0	11.0	4.0	2775.0	0.592	0.592	0.898	1.134
4.996	ZSWIM4_HUVEC	0	0.646	0.383	1181.0	21004.0	7793.0	3.41	1839.0	3.47	0.49	52.0	30.0	18.0	9.0	2970.0	0.344	0.478	0.965	0.996
3.014	APOL6_HMEC	0	0.902	0.439	8809.0	25091.0	12996.0	1.555	3202.0	-0.249	-0.216	21.0	3.0	5.0	8.0	1032.0	0.48	0.571	0.863	1.18
1.596	C1ORF167_HMEC	0	0.998	0.984	139.0	25651.0	7026.0	2.727	0.0	0.099	-0.042	72.0	37.0	7.0	34.0	4407.0	0.344	0.467	1.008	0.975
4.005	CEP192_HMEC	0	0.754	0.295	7443.0	32212.0	9863.0	1.655	74.0	1.941	0.174	27.0	7.0	6.0	3.0	1223.0	0.601	0.6	0.962	1.071
1.246	CREBRF_HMEC	0	0.858	0.297	5540.0	72581.0	9096.0	2.756	3295.0	4.111	0.402	34.0	14.0	13.0	7.5	1920.0	0.568	0.584	0.842	1.18
-9.06	CT47A7_HMEC	0	0.0	0.0	174.0	4856.0	1845.0	1.437	25.0	-0.106	-0.276	28.0	10.0	1.0	4.5	867.0	0.331	0.578	0.806	0.0
-9.06	FAM153A_HMEC	0	0.911	0.683	3501.0	174675.0	9193.0	1.765	4873.0	-0.256	0.189	28.0	6.0	3.0	2.5	933.0	0.473	0.56	0.994	0.975
-4.803	FAM90A25P_HMEC	0	0.0	0.0	0.0	99774.0	1221.0	1.84	0.0	-0.165	0.0	0.0	0.0	0.0	0.0	0.0	0.0	0.455	1.148	0.0
4.599	GPR115_HMEC	0	0.996	0.928	811.0	41990.0	4034.0	1.331	2058.0	1.307	0.172	48.0	9.0	6.0	13.0	2088.0	0.56	0.599	0.981	1.044
-9.06	HADV36S1_HMEC	0	0.996	0.956	0.0	552927.0	551.0	4.859	0.0	0.402	0.0	8.0	1.0	2.0	2.0	340.0	0.553	0.562	0.949	1.041
0.72	HMGN2P46_HMEC	0	0.0	0.0	0.0	80529.0	3091.0	2.723	0.0	1.016	0.0	0.0	0.0	0.0	0.0	0.0	0.0	0.566	1.074	0.93
4.817	MCM10_HMEC	0	0.98	0.785	1945.0	63955.0	5653.0	2.059	1541.0	2.591	-0.01	39.0	19.0	8.0	13.0	2568.0	0.515	0.567	0.94	1.07
3.01	METTL21D_HMEC	0	0.668	0.24	0.0	223477.0	2433.0	2.666	1631.0	2.906	0.097	0.0	0.0	0.0	0.0	0.0	0.0	0.605	0.968	1.076
8.082	NEDD8-MDP1_HMEC	0	0.983	0.0	438.0	16299.0	2895.0	3.348	23.0	2.759	0.305	6.0	3.0	1.0	1.0	255.0	0.506	0.557	0.909	1.089
4.078	PHACTR2_HMEC	0	0.969	0.396	7497.0	96459.0	21136.0	1.758	9752.0	3.327	0.855	29.0	29.0	3.0	13.5	1905.0	0.514	0.606	1.038	0.992
-9.06	PRRG3_HMEC	0	0.772	0.684	4892.0	134578.0	9932.0	2.773	8284.0	1.306	-0.034	20.0	10.0	9.0	3.0	696.0	0.395	0.488	0.901	1.166
-1.615	RAB39A_HMEC	0	0.678	0.533	1111.0	154.0	2397.0	3.31	743.0	2.044	0.262	16.0	4.0	4.0	1.0	654.0	0.52	0.571	0.878	1.112
5.643	RIOK3_HMEC	0	0.944	0.288	1862.0	15325.0	4147.0	2.587	2148.0	4.316	-0.028	33.0	12.0	11.0	9.0	1560.0	0.588	0.583	0.896	1.091
1.025	SLFNL1_HMEC	0	0.972	0.782	510.0	29385.0	11021.0	2.28	2079.0	1.091	-0.134	32.0	8.0	1.0	8.0	1224.0	0.352	0.431	1.096	0.899
3.586	TMEM168_HMEC	0	0.753	0.274	4821.0	309403.0	16352.0	1.905	4109.0	2.912	-0.016	31.0	18.0	13.0	5.0	2094.0	0.609	0.649	0.826	1.29
-3.058	TSGA10IP_HMEC	0	0.996	0.929	24.0	25315.0	2359.0	3.133	0.0	0.776	0.114	19.0	21.0	5.0	5.0	1671.0	0.365	0.501	0.897	1.076
4.014	UTP23_HMEC	0	0.825	0.264	2843.0	10700.0	4989.0	1.356	1482.0	2.444	-0.01	16.0	6.0	2.0	2.0	750.0	0.559	0.618	0.909	1.14
-9.06	WFDC11_HMEC	0	0.997	0.998	157.0	38986.0	770.0	1.088	247.0	-0.015	0.214	6.0	4.0	2.0	1.0	264.0	0.587	0.605	1.069	0.938
1.026	ZNF286B_HMEC	0	0.0	0.0	0.0	37801.0	12309.0	2.101	0.0	0.549	0.0	0.0	0.0	0.0	0.0	0.0	0.0	0.574	0.925	1.034
0.928	ZNF677_HMEC	0	0.888	0.405	1592.0	61515.0	3974.0	1.369	2714.0	0.009	-0.295	46.0	10.0	11.0	4.5	1755.0	0.626	0.611	0.929	1.129
-2.134	ZNF843_HMEC	0	0.704	0.338	2210.0	14665.0	4671.0	2.957	504.0	-0.279	-0.256	14.0	11.0	3.0	7.0	882.0	0.389	0.532	1.014	0.919
1.556	AK125684_H1-hESC	0	0.0	0.0	0.0	229055.0	4551.0	0.0	0.0	-0.005	0.0	0.0	0.0	0.0	0.0	0.0	0.0	0.523	0.803	1.072
-0.181	ALS2CR8_H1-hESC	0	0.795	0.282	4640.0	601.0	20192.0	2.006	6919.0	2.225	0.1	53.0	23.0	10.0	8.5	2178.0	0.579	0.615	0.929	1.109
-8.817	C13ORF45_H1-hESC	0	0.0	0.0	0.0	250604.0	1884.0	1.57	0.0	0.101	0.0	0.0	0.0	0.0	0.0	0.0	0.0	0.619	0.99	1.022
-4.1	C8ORF34_H1-hESC	0	0.858	0.635	777.0	485867.0	4834.0	1.381	416.0	2.931	0.05	14.0	16.0	3.0	6.0	1284.0	0.562	0.635	1.013	1.019
-7.366	CEACAM20_H1-hESC	0	0.995	0.0	83.0	29266.0	2942.0	1.873	0.0	-0.034	-0.059	42.0	12.0	3.0	5.0	1758.0	0.444	0.552	0.935	1.088
0.0	DEFB107A_H1-hESC	0	0.0	0.0	89.0	34303.0	631.0	2.744	139.0	0.349	0.009	2.0	1.0	1.0	1.0	213.0	0.61	0.632	0.999	0.0
5.84	FAM120A_H1-hESC	0	0.681	0.244	1573.0	266742.0	12277.0	1.603	424.0	4.529	0.26	65.0	29.0	21.0	24.0	3357.0	0.433	0.58	0.816	1.162
6.101	FAM207A_H1-hESC	0	0.7	0.29	171.0	19068.0	1146.0	1.789	258.0	0.336	-0.149	13.0	9.0	1.0	4.0	693.0	0.339	0.435	1.135	0.9
3.693	FAM208A_H1-hESC	0	0.851	0.284	2906.0	126091.0	13537.0	2.443	3735.0	2.955	0.148	73.0	17.0	27.0	7.0	5013.0	0.602	0.613	0.892	1.114
3.115	FBXO33_H1-hESC	0	0.799	0.256	1848.0	198599.0	6207.0	1.743	711.0	3.764	0.15	37.0	20.0	5.0	7.0	1668.0	0.475	0.617	0.866	1.151
-12.314	GIMAP8_H1-hESC	0	0.882	0.516	1614.0	49928.0	6335.0	1.434	1023.0	-0.034	-0.288	42.0	5.0	5.0	6.0	1998.0	0.517	0.576	0.853	1.201
4.392	KIAA0040_H1-hESC	0	0.936	0.476	3729.0	124944.0	6312.0	0.974	8276.0	0.029	0.0	6.0	3.0	0.0	3.0	300.0	0.49	0.556	0.948	1.042
-8.754	KLK15_H1-hESC	0	0.994	0.946	0.0	3364.0	1352.0	2.186	1736.0	0.297	-0.174	0.0	0.0	0.0	0.0	0.0	0.0	0.0	0.0	0.0
5.227	LAS1L_H1-hESC	0	0.428	0.31	0.0	46053.0	11103.0	2.154	430.0	1.627	0.137	0.0	0.0	0.0	0.0	0.0	0.0	0.5	1.06	0.921
1.368	LOC286190_H1-hESC	0	0.0	0.0	0.0	798.0	8464.0	1.936	0.0	0.094	0.0	0.0	0.0	0.0	0.0	0.0	0.0	0.608	0.89	1.088
0.547	MAATS1_H1-hESC	0	0.952	0.564	2054.0	25657.0	11292.0	1.715	707.0	2.211	-0.174	48.0	16.0	18.0	15.0	2304.0	0.537	0.62	0.916	1.114
4.989	MRPL50_H1-hESC	0	0.365	0.174	2834.0	13612.0	3621.0	1.689	1866.0	0.131	-0.005	7.0	4.0	2.0	1.0	477.0	0.566	0.64	0.87	1.218
0.813	MTERF_H1-hESC	0	0.679	0.237	2666.0	616270.0	4275.0	1.324	6716.0	-0.069	-0.224	27.0	5.0	8.0	1.5	1200.0	0.618	0.624	0.925	1.092
5.766	NXT1_H1-hESC	0	0.78	0.333	308.0	264466.0	1675.0	1.868	183.0	0.976	-0.266	14.0	2.0	3.0	2.5	423.0	0.473	0.538	0.952	1.039
-1.448	PRSS30P_H1-hESC	0	0.0	0.0	0.0	12454.0	3576.0	2.14	0.0	-0.503	0.0	0.0	0.0	0.0	0.0	0.0	0.0	0.418	1.113	0.0
0.0	PSG8_H1-hESC	0	1.0	0.97	0.0	16752.0	2958.0	1.486	1526.0	-0.148	0.016	0.0	0.0	0.0	0.0	0.0	0.0	0.652	0.933	0.0
4.376	RALGAPB_H1-hESC	0	0.647	0.239	3893.0	126334.0	10609.0	1.794	7024.0	4.77	0.419	105.0	54.0	23.0	25.0	4476.0	0.552	0.61	0.879	1.163
6.507	SF3A3_H1-hESC	0	0.604	0.255	1212.0	42965.0	3692.0	3.843	1445.0	4.597	0.162	39.0	8.0	2.0	2.0	1506.0	0.535	0.559	0.968	1.063
-4.73	SMCR5_H1-hESC	0	0.0	0.0	0.0	98072.0	8498.0	1.885	0.0	-0.186	0.0	0.0	0.0	0.0	0.0	0.0	0.0	0.0	0.0	0.0
0.0	TLX1NB_H1-hESC	0	0.0	0.0	0.0	69138.0	2371.0	1.352	0.0	0.332	0.0	0.0	0.0	0.0	0.0	0.0	0.0	0.491	0.938	1.051
3.308	TRMT10B_H1-hESC	0	0.404	0.257	1266.0	85800.0	9039.0	3.189	7591.0	2.124	-0.161	15.0	4.0	7.0	4.0	951.0	0.55	0.579	0.868	1.152
7.465	TRPC4AP_H1-hESC	0	0.398	0.202	743.0	117405.0	5173.0	2.508	1887.0	4.567	0.397	75.0	15.0	5.0	9.0	2394.0	0.485	0.575	0.899	1.124
2.896	VAC14-AS1_H1-hESC	0	0.0	0.0	0.0	64048.0	15963.0	1.538	0.0	-0.201	0.0	0.0	0.0	0.0	0.0	0.0	0.0	0.472	0.905	1.08
4.592	WDR12_H1-hESC	0	0.646	0.227	6600.0	40201.0	9296.0	2.387	3072.0	4.052	-0.034	21.0	16.0	6.0	1.0	1272.0	0.568	0.609	0.958	1.074
1.373	ZNF432_H1-hESC	0	0.72	0.267	2343.0	20459.0	5206.0	2.332	3194.0	0.228	-0.114	24.0	7.0	12.0	10.0	1959.0	0.597	0.592	0.963	1.087
2.134	ZNF445_H1-hESC	0	0.533	0.28	14871.0	138895.0	35908.0	2.156	4068.0	0.378	-0.115	72.0	30.0	6.0	11.0	3096.0	0.509	0.573	1.0	0.976
1.595	ZNF519_H1-hESC	0	0.857	0.426	0.0	216917.0	9161.0	1.65	1796.0	-0.101	-0.105	0.0	0.0	0.0	0.0	0.0	0.0	0.609	0.953	1.095
2.613	ZNF695_H1-hESC	0	0.905	0.671	1645.0	76109.0	6256.0	2.039	976.0	0.069	0.037	35.0	7.0	2.0	5.0	1548.0	0.61	0.588	0.893	1.129
-2.307	ZNF763_H1-hESC	0	0.619	0.302	1509.0	18286.0	5120.0	2.325	1517.0	-0.483	-0.354	11.0	8.0	17.0	2.0	1185.0	0.587	0.562	0.855	1.164
-2.154	C10ORF129_NHLF	0	0.993	0.757	1762.0	124713.0	2687.0	1.688	134.0	0.546	0.055	5.0	5.0	2.0	1.5	426.0	0.472	0.605	0.978	1.022
-9.68	C10ORF99_NHLF	0	0.992	0.941	529.0	34292.0	1032.0	2.227	647.0	-0.012	-0.006	6.0	3.0	0.0	1.0	246.0	0.427	0.521	1.054	0.971
-1.528	C17ORF78_NHLF	0	0.998	0.0	985.0	427060.0	4504.0	2.311	2212.0	0.682	0.24	16.0	6.0	3.0	4.0	828.0	0.541	0.571	0.963	1.041
-9.68	C1ORF65_NHLF	0	1.0	0.997	119.0	29355.0	2919.0	1.629	31.0	0.51	-0.142	25.0	16.0	4.0	5.0	1872.0	0.358	0.0	0.83	1.231
0.861	C3ORF70_NHLF	0	0.583	0.458	6170.0	340918.0	11606.0	1.888	2453.0	1.212	0.21	23.0	4.0	2.0	1.0	753.0	0.473	0.607	0.868	1.161
5.157	FAM86A_NHLF	0	0.568	0.26	1349.0	25953.0	4780.0	2.015	4516.0	1.709	-0.33	25.0	9.0	0.0	6.0	993.0	0.407	0.465	0.98	1.006
-9.68	FANCD2OS_NHLF	0	0.997	1.0	305.0	81842.0	1591.0	3.135	389.0	1.118	0.05	13.0	5.0	1.0	2.0	534.0	0.474	0.549	0.964	1.132
3.297	IFI27L1_NHLF	0	0.526	0.351	0.0	108.0	1410.0	1.778	1498.0	-0.498	-0.164	0.0	0.0	0.0	0.0	0.0	0.0	0.566	0.992	0.988
3.015	LMLN_NHLF	0	0.741	0.312	5054.0	184.0	9916.0	1.989	3847.0	3.489	0.034	50.0	22.0	15.0	8.0	1968.0	0.514	0.6	0.925	1.081
4.997	LPCAT1_NHLF	0	0.907	0.436	3891.0	78522.0	7437.0	1.425	1186.0	2.267	-0.337	42.0	15.0	3.0	6.0	1605.0	0.403	0.436	0.832	1.073
5.424	LSM14B_NHLF	0	0.654	0.25	1228.0	56593.0	3512.0	1.633	2363.0	2.944	0.012	17.0	10.0	6.0	6.0	1158.0	0.427	0.462	0.859	1.113
2.064	MARC2_NHLF	0	0.947	0.39	930.0	57959.0	2720.0	1.948	317.0	1.822	-0.126	26.0	7.0	5.0	4.0	1008.0	0.456	0.562	0.89	1.103
6.015	MSANTD3_NHLF	0	0.696	0.213	0.0	134279.0	5275.0	2.536	1920.0	1.986	0.48	0.0	0.0	0.0	0.0	0.0	0.0	0.598	0.929	1.02
6.073	RANBP3_NHLF	0	0.217	0.215	1472.0	65802.0	4540.0	1.673	4879.0	3.218	0.043	43.0	14.0	2.0	5.0	1704.0	0.41	0.476	1.003	0.998
3.501	RRNAD1_NHLF	0	0.438	0.276	208.0	33.0	4888.0	2.926	379.0	2.438	0.0	34.0	11.0	8.0	4.0	1428.0	0.397	0.525	1.019	0.973
-9.68	WFDC5_NHLF	0	1.0	0.976	281.0	14035.0	1425.0	1.59	778.0	0.666	-0.012	18.0	9.0	1.0	5.0	675.0	0.391	0.488	1.122	0.882
-9.045	WFDC5_MRG	0	1.0	0.976	281.0	14035.0	1425.0	1.59	778.0	0.666	-0.012	18.0	9.0	1.0	5.0	675.0	0.391	0.488	1.122	0.882
-9.68	WFDC8_NHLF	0	1.0	0.955	465.0	31900.0	1873.0	1.492	625.0	0.026	0.006	16.0	6.0	1.0	2.0	726.0	0.514	0.598	0.981	0.985
0.846	ZNF311_NHLF	0	0.97	0.433	0.0	81403.0	3634.0	2.29	221.0	0.147	-0.09	0.0	0.0	0.0	0.0	0.0	0.0	0.603	0.999	0.926
-9.68	ZNF729_NHLF	0	0.998	0.986	0.0	89489.0	3528.0	2.469	0.0	-0.183	0.267	33.0	25.0	33.0	13.0	3759.0	0.637	0.614	0.884	1.159
2.22	ZNF786_NHLF	0	0.668	0.279	783.0	62056.0	4569.0	2.976	348.0	0.222	-0.191	67.0	23.0	3.0	23.0	2349.0	0.406	0.557	0.892	1.097
-0.623	C15ORF41_MRG	0	0.96	0.372	0.0	1158120.0	8016.0	1.596	8037.0	2.76	0.204	0.0	0.0	0.0	0.0	0.0	0.0	0.623	0.99	1.013
5.362	C16ORF59_MRG	0	0.846	0.53	0.0	30671.0	2061.0	1.665	230.0	-0.02	-0.268	0.0	0.0	0.0	0.0	0.0	0.0	0.41	0.919	0.943
-9.045	C1ORF177_MRG	0	0.992	0.894	480.0	4739.0	2446.0	1.774	1407.0	0.868	0.0	14.0	13.0	11.0	2.0	1245.0	0.444	0.533	0.866	1.113
-3.665	C2ORF71_MRG	0	0.964	0.543	3175.0	41093.0	9452.0	1.122	1875.0	0.564	0.389	82.0	40.0	3.0	15.0	3867.0	0.419	0.526	1.056	0.996
6.002	CMTM3_MRG	0	0.687	0.476	1256.0	24569.0	3089.0	1.584	5146.0	1.558	-0.032	6.0	8.0	4.0	5.0	549.0	0.403	0.406	0.908	1.021
-2.776	GPR126_MRG	0	0.97	0.612	2885.0	154591.0	10142.0	1.436	3278.0	2.511	-0.12	82.0	19.0	19.0	18.0	3666.0	0.583	0.646	0.878	1.163
-9.045	GSDMC_MRG	0	0.99	0.917	306.0	2050394.0	3173.0	1.607	761.0	-0.354	-0.094	32.0	7.0	5.0	2.0	1527.0	0.53	0.612	1.031	0.909
0.31	HRCT1_MRG	0	0.819	0.627	502.0	35800.0	1178.0	2.994	709.0	0.102	0.14	8.0	4.0	0.0	1.0	348.0	0.328	0.0	0.996	0.946
-1.133	LOC441178_MRG	0	0.0	0.0	0.0	371205.0	3741.0	2.011	0.0	-0.477	0.0	0.0	0.0	0.0	0.0	0.0	0.0	0.527	1.058	0.936
4.129	LYRM1_MRG	0	0.727	0.199	1096.0	132.0	2518.0	2.207	2569.0	1.118	0.938	7.0	2.0	4.0	1.5	324.0	0.552	0.561	0.88	1.121
2.554	METAP1D_MRG	0	0.558	0.29	2025.0	77346.0	5716.0	2.109	1717.0	3.627	0.24	27.0	7.0	4.0	4.0	1008.0	0.532	0.605	0.928	1.101
4.007	SLC35E2_MRG	0	0.0	0.0	0.0	21562.0	4618.0	2.981	2640.0	1.949	0.0	0.0	0.0	0.0	0.0	0.0	0.0	0.485	0.933	1.06
-9.045	SLFN14_MRG	0	0.991	0.742	4255.0	72962.0	9190.0	2.169	4396.0	0.647	0.243	54.0	16.0	17.0	7.0	2739.0	0.552	0.589	0.979	1.019
5.362	SNRPA1_MRG	0	0.811	0.253	0.0	10977.0	2697.0	2.178	56.0	1.762	-0.064	0.0	0.0	0.0	0.0	0.0	0.0	0.579	1.043	0.941
-9.045	SPATA31A2_MRG	0	1.0	1.0	154.0	67530.0	6637.0	1.807	11.0	-0.125	-0.025	67.0	52.0	6.0	17.0	4044.0	0.471	0.453	1.015	0.953
-1.649	STARD5_MRG	0	0.892	0.569	4204.0	141542.0	11365.0	1.593	2425.0	2.012	-0.047	16.0	4.0	2.0	2.0	642.0	0.466	0.521	1.039	0.924
4.623	TBC1D22B_MRG	0	0.586	0.247	1799.0	134.0	5184.0	2.267	1909.0	4.212	0.436	25.0	12.0	9.0	7.5	1518.0	0.501	0.57	0.986	1.0
4.673	TIMM22_MRG	0	0.521	0.17	2584.0	17352.0	4588.0	2.422	2172.0	3.269	0.108	8.0	4.0	5.0	6.0	585.0	0.439	0.542	0.993	0.962
2.527	TMEM151A_MRG	0	0.657	0.811	1012.0	2750.0	2698.0	1.703	1149.0	1.352	0.046	32.0	19.0	16.0	9.5	1407.0	0.281	0.388	1.117	1.01
3.743	ZC2HC1A_MRG	0	0.853	0.322	2273.0	149749.0	8169.0	1.729	511.0	2.657	-0.076	13.0	15.0	5.0	5.5	978.0	0.574	0.651	0.918	1.119
4.512	ZNF189_MRG	0	0.82	0.21	1006.0	232.0	4301.0	1.536	2698.0	1.131	0.038	24.0	9.0	12.0	3.5	1881.0	0.583	0.609	0.922	1.102
4.267	ZNF696_MRG	0	0.558	0.212	3153.0	16818.0	6747.0	1.684	1490.0	-0.176	-0.146	11.0	9.0	5.0	7.0	1125.0	0.3	0.475	0.969	0.993
-10.995	ACTRT2_CD34	0	1.0	1.0	84.0	219749.0	1411.0	2.069	64.0	1.766	-0.057	26.0	18.0	7.0	5.0	1134.0	0.386	0.0	0.832	1.12
-2.684	AK310228_CD34	0	0.0	0.0	0.0	33919.0	11266.0	1.367	0.0	2.1	0.0	0.0	0.0	0.0	0.0	0.0	0.0	0.37	1.118	0.94
0.298	BEND3_CD34	0	0.697	0.364	3518.0	86220.0	8237.0	2.868	2803.0	1.464	0.109	112.0	17.0	1.0	25.0	2487.0	0.387	0.539	0.857	1.092
7.304	C16ORF80_CD34	0	0.27	0.227	0.0	103618.0	1350.0	1.816	368.0	2.901	0.055	0.0	0.0	0.0	0.0	0.0	0.0	0.558	0.969	1.029
8.235	C19ORF43_CD34	0	0.318	0.179	588.0	10725.0	1506.0	3.025	1914.0	2.569	0.506	5.0	7.0	0.0	5.0	402.0	0.251	0.483	1.112	1.019
5.831	C6ORF25_CD34	0	0.985	0.737	1672.0	1693.0	2999.0	2.488	7342.0	0.7	0.047	12.0	9.0	2.0	1.0	714.0	0.345	0.428	0.808	1.075
-5.458	CALHM3_CD34	0	0.988	0.589	410.0	20340.0	1683.0	1.228	231.0	2.128	0.187	32.0	10.0	1.0	11.0	1035.0	0.36	0.509	0.958	1.003
5.544	DOM3Z_CD34	0	0.478	0.324	0.0	13112.0	3875.0	1.993	76.0	2.487	0.004	0.0	0.0	0.0	0.0	0.0	0.0	0.389	0.0	0.0
3.876	EFCC1_CD34	0	0.88	0.508	895.0	7188.0	4847.0	1.502	608.0	1.592	-0.058	27.0	12.0	6.0	10.0	1800.0	0.306	0.484	0.911	1.028
-10.995	FAM205A_CD34	0	1.0	0.97	180.0	19352.0	10220.0	1.473	78.0	0.634	0.064	81.0	25.0	8.0	13.0	4008.0	0.466	0.558	1.222	0.797
2.131	FDXACB1_CD34	0	0.7	0.32	867.0	7584.0	6861.0	2.628	821.0	2.277	0.064	29.0	10.0	7.0	6.0	1875.0	0.537	0.578	0.939	1.054
3.884	HELB_CD34	0	0.912	0.457	300.0	113366.0	4051.0	2.105	281.0	1.509	-0.188	71.0	21.0	12.0	13.0	3264.0	0.581	0.611	0.946	1.028
7.145	HENMT1_CD34	0	0.9	0.498	272.0	36862.0	2119.0	1.947	293.0	1.633	0.0	17.0	5.0	4.0	2.0	1182.0	0.559	0.596	0.947	1.089
4.78	KDELC1_CD34	0	0.847	0.432	0.0	28644.0	2139.0	2.14	12.0	3.421	0.194	0.0	0.0	0.0	0.0	0.0	0.0	0.598	0.852	1.174
6.468	KHNYN_CD34	0	0.632	0.311	4559.0	285.0	11243.0	1.168	4429.0	2.034	-0.076	35.0	17.0	6.0	10.0	2037.0	0.394	0.513	0.746	1.144
5.455	LMBR1L_CD34	0	0.489	0.347	0.0	15866.0	3713.0	2.404	2011.0	3.85	0.24	0.0	0.0	0.0	0.0	0.0	0.0	0.491	0.996	0.99
5.229	LRRC47_CD34	0	0.718	0.203	2530.0	23712.0	5788.0	2.553	1642.0	2.633	0.282	42.0	18.0	2.0	11.0	1752.0	0.361	0.463	1.037	0.953
3.55	MTX3_CD34	0	0.534	0.334	6969.0	301427.0	9657.0	1.993	9609.0	3.554	-0.091	17.0	5.0	4.0	2.0	939.0	0.553	0.615	0.956	1.089
-7.451	NOBOX_CD34	0	1.0	1.0	0.0	54826.0	2836.0	2.06	504.0	0.369	-0.012	34.0	25.0	5.0	9.0	2076.0	0.404	0.515	1.228	0.746
2.095	SDR42E1_CD34	0	0.972	0.667	10257.0	232180.0	13573.0	1.193	3725.0	0.383	-0.186	38.0	7.0	3.0	4.0	1182.0	0.501	0.559	0.948	1.044
3.07	THOC3_CD34	0	0.756	0.358	741.0	171971.0	2081.0	1.7	1229.0	3.751	-0.016	26.0	9.0	2.0	6.0	984.0	0.472	0.58	0.915	1.171
5.176	TOE1_CD34	0	0.59	0.304	0.0	3591.0	5418.0	2.44	521.0	2.947	0.0	0.0	0.0	0.0	0.0	0.0	0.0	0.502	0.989	1.212
-4.756	ZFR2_CD34	0	0.815	0.82	1926.0	82657.0	6401.0	2.441	1821.0	1.085	-0.321	80.0	30.0	2.0	21.0	2820.0	0.32	0.464	0.977	0.985
3.827	ZNF204P_CD34	0	0.0	0.0	0.0	47948.0	2408.0	2.275	0.0	-0.27	0.0	0.0	0.0	0.0	0.0	0.0	0.0	0.0	0.0	0.0
1.762	C17ORF53_MSC	0	0.978	0.61	545.0	18267.0	2681.0	2.953	1826.0	2.025	-0.005	42.0	28.0	3.0	12.0	1944.0	0.443	0.508	0.946	1.028
-9.56	C4ORF40_MSC	0	1.0	0.991	4575.0	101361.0	7091.0	1.757	1251.0	0.199	0.042	2.0	0.0	0.0	1.0	81.0	0.531	0.646	1.03	0.975
2.805	DIEXF_MSC	0	0.696	0.274	6119.0	21829.0	10802.0	1.666	2884.0	2.732	-0.075	43.0	13.0	13.0	8.0	2271.0	0.531	0.595	0.975	0.992
4.277	FLAD1_MSC	0	0.417	0.216	943.0	6053.0	3575.0	4.169	616.0	2.026	0.0	30.0	15.0	9.0	10.0	1371.0	0.43	0.501	1.034	0.937
0.85	GOLGA6L9_MSC	0	0.974	0.613	0.0	80569.0	13461.0	1.551	896.0	0.331	0.024	0.0	0.0	0.0	0.0	0.0	0.0	0.462	0.983	1.028
6.538	HIATL1_MSC	0	0.74	0.268	1631.0	45924.0	5223.0	2.565	617.0	3.722	-0.03	40.0	11.0	7.0	10.0	1521.0	0.492	0.595	0.879	1.156
-9.56	KRTAP23-1_MSC	0	0.0	0.0	11.0	10912.0	311.0	5.3	0.0	0.133	0.006	12.0	2.0	0.0	2.5	198.0	0.434	0.0	0.0	0.0
-4.299	NWD1_MSC	0	0.983	0.728	7224.0	58837.0	10072.0	2.736	3866.0	1.288	0.021	8.0	6.0	4.0	1.0	540.0	0.415	0.524	0.961	1.036
5.889	PIGK_MSC	0	0.649	0.261	3386.0	351951.0	4983.0	1.368	1709.0	3.817	0.0	17.0	5.0	6.0	2.0	1188.0	0.594	0.641	0.934	1.113
5.468	RBM12_MSC	0	0.883	0.286	3600.0	14.0	25905.0	1.243	2280.0	3.093	0.308	30.0	24.0	17.0	9.0	2799.0	0.524	0.609	0.847	1.156
-9.56	S100A7L2_MSC	0	0.0	0.0	0.0	23430.0	390.0	1.691	0.0	-0.044	0.0	11.0	2.0	4.0	1.0	306.0	0.552	0.484	0.0	0.0
6.964	SRPR_MSC	0	0.86	0.278	979.0	57114.0	3359.0	1.2	1919.0	3.917	0.286	41.0	13.0	6.0	8.0	1917.0	0.484	0.54	0.975	1.024
-9.56	USP17L8_MSC	0	0.0	0.0	0.0	46917.0	3215.0	2.447	0.0	0.567	0.226	54.0	7.0	3.0	7.5	1593.0	0.488	0.0	0.0	0.0
-6.752	WDR87_MSC	0	1.0	0.977	110.0	127034.0	12830.0	2.971	66.0	0.594	0.13	139.0	56.0	43.0	24.0	8739.0	0.527	0.535	0.927	1.043
4.083	ZSWIM7_MSC	0	0.797	0.204	1488.0	25842.0	2260.0	2.773	2969.0	1.536	-0.077	8.0	2.0	1.0	1.0	423.0	0.508	0.562	0.921	1.065
5.89	MEX3C_MSC	0	0.916	0.341	1802.0	167469.0	9619.0	1.266	428.0	2.402	0.434	39.0	13.0	6.0	4.0	1980.0	0.415	0.618	0.746	1.312
-4.598	C18ORF56_MSC	0	0.0	0.0	0.0	44845.0	4074.0	1.995	162.0	0.246	0.0	0.0	0.0	0.0	0.0	0.0	0.0	0.588	1.069	0.932
5.983	AK296065_HSMM	0	0.964	0.346	160.0	314.0	7680.0	1.55	466.0	2.953	0.329	86.0	40.0	12.0	16.0	3726.0	0.37	0.408	0.978	1.023
-11.34	ANKRD20A4_HSMM	0	0.871	0.426	1385.0	3038677.0	6313.0	1.287	0.0	0.673	-0.184	48.0	10.0	13.0	13.0	2472.0	0.603	0.641	0.845	1.254
-5.792	ASPG_HSMM	0	0.992	0.833	3039.0	143170.0	5653.0	1.347	1265.0	1.085	-0.418	48.0	12.0	6.0	12.0	1722.0	0.34	0.367	1.068	0.938
-3.458	C15ORF60_HSMM	0	0.999	0.983	98.0	74205.0	1431.0	2.091	4.0	1.309	-0.11	16.0	7.0	2.0	3.0	801.0	0.481	0.617	0.916	1.126
5.397	C19ORF47_HSMM	0	0.958	0.31	2347.0	63182.0	5412.0	2.545	3371.0	2.633	0.191	20.0	8.0	1.0	10.0	1269.0	0.391	0.509	1.007	0.986
-7.258	C1ORF61_HSMM	0	0.0	0.0	0.0	39791.0	6514.0	1.727	0.0	-0.019	0.0	0.0	0.0	0.0	0.0	0.0	0.0	0.0	0.96	1.094
-0.837	C8ORF4_HSMM	0	0.946	0.541	1458.0	218868.0	2444.0	2.084	1274.0	1.123	0.428	5.0	1.0	1.0	2.0	321.0	0.53	0.0	0.946	1.04
2.788	CABLES2_HSMM	0	0.798	0.388	2340.0	19989.0	4621.0	1.707	1241.0	3.12	-0.175	37.0	13.0	2.0	10.0	1437.0	0.356	0.395	0.878	1.067
6.709	CHPF2_HSMM	0	0.661	0.351	147.0	5293.0	5073.0	1.346	84.0	3.046	-0.066	43.0	19.0	18.0	15.0	2319.0	0.377	0.509	1.107	0.889
-11.34	DEFB119_HSMM	0	1.0	1.0	0.0	21969.0	652.0	2.504	220.0	0.218	0.121	0.0	0.0	0.0	0.0	0.0	0.0	0.574	0.935	1.076
-6.708	FLJ00382_HSMM	0	0.993	0.955	387.0	319095.0	2051.0	1.627	0.0	-0.704	0.0	36.0	11.0	3.0	5.0	1292.0	0.388	0.412	1.149	0.848
2.156	GAREML_HSMM	0	0.499	0.498	1388.0	146632.0	6530.0	1.245	1349.0	2.399	-0.188	41.0	32.0	12.0	5.0	1995.0	0.316	0.445	1.066	0.936
-4.294	HDV102S1_HSMM	0	0.988	0.965	0.0	195625.0	1139.0	4.896	0.0	0.05	0.0	6.0	4.0	5.0	1.0	345.0	0.525	0.467	0.997	1.018
4.183	HOXB-AS3_HSMM	0	0.0	0.0	0.0	2200.0	2160.0	1.522	0.0	1.239	0.0	0.0	0.0	0.0	0.0	0.0	0.0	0.448	0.869	1.102
2.331	KIAA1704_HSMM	0	0.749	0.241	4435.0	15638.0	13001.0	1.936	2231.0	2.515	0.07	3.0	4.0	1.0	1.0	513.0	0.628	0.629	1.005	1.002
2.259	KLHL26_HSMM	0	0.473	0.297	2477.0	29598.0	5728.0	2.196	2834.0	1.884	-0.35	50.0	14.0	19.0	6.0	1848.0	0.326	0.437	1.042	0.939
0.563	LOC441242_HSMM	0	0.0	0.0	0.0	396956.0	5047.0	2.469	0.0	0.645	0.0	0.0	0.0	0.0	0.0	0.0	0.0	0.577	0.895	1.114
-11.34	LOC727924_HSMM	0	0.0	0.0	392.0	139412.0	5532.0	1.212	0.0	0.015	-0.086	27.0	8.0	5.0	6.0	951.0	0.53	0.645	0.962	1.051
-0.963	MAFIP_HSMM	0	0.0	0.0	0.0	1631088.0	1241.0	0.0	0.0	1.083	0.0	0.0	0.0	0.0	0.0	0.0	0.0	0.381	1.03	0.961
6.509	NOL11_HSMM	0	0.731	0.277	673.0	340655.0	3107.0	2.833	774.0	2.296	-0.01	59.0	15.0	14.0	4.0	2160.0	0.601	0.595	0.905	1.085
3.347	OSGEPL1_HSMM	0	0.672	0.25	780.0	88558.0	5396.0	2.13	643.0	1.916	-0.125	12.0	3.0	9.0	2.0	1095.0	0.608	0.611	0.957	1.089
5.763	PTRHD1_HSMM	0	0.552	0.236	684.0	247.0	1611.0	1.596	908.0	1.639	-0.018	13.0	3.0	3.0	2.0	423.0	0.407	0.545	0.877	0.0
5.378	TBCC_HSMM	0	0.632	0.216	536.0	23506.0	1822.0	1.933	567.0	1.776	1.572	33.0	15.0	2.0	6.0	1041.0	0.407	0.0	0.0	0.0
3.119	THAP6_HSMM	0	0.639	0.256	2813.0	69.0	4031.0	1.641	8249.0	1.384	0.086	11.0	5.0	2.0	3.0	669.0	0.601	0.632	0.913	1.098
4.098	ARL10_neural	0	0.816	0.306	10015.0	3722.0	14641.0	2.654	3381.0	1.484	-0.048	20.0	7.0	2.0	3.0	735.0	0.337	0.466	0.826	1.247
-8.744	C11ORF88_neural	0	0.991	0.86	2563.0	2445.0	4401.0	1.614	234.0	0.711	-0.01	6.0	4.0	3.0	3.0	537.0	0.507	0.636	0.875	1.16
5.846	C12ORF44_neural	0	0.354	0.222	306.0	16560.0	2313.0	1.68	1009.0	1.505	-0.094	24.0	3.0	6.0	1.0	657.0	0.423	0.515	1.026	0.979
5.638	C17ORF75_neural	0	0.611	0.236	3321.0	76378.0	12827.0	2.485	2406.0	2.934	0.091	24.0	4.0	5.0	4.0	1191.0	0.558	0.559	0.921	1.109
3.627	C5ORF34_neural	0	0.858	0.399	207.0	31312.0	5255.0	2.054	5.0	1.738	-0.092	25.0	11.0	14.0	5.5	1917.0	0.621	0.622	0.923	1.195
6.291	CCDC104_neural	0	0.566	0.314	763.0	99789.0	2106.0	2.766	5.0	2.66	-0.007	13.0	3.0	2.0	2.0	657.0	0.577	0.586	0.96	1.058
5.319	FAM19A5_neural	0	0.639	0.678	2086.0	1813689.0	3388.0	1.392	3103.0	2.852	0.072	5.0	2.0	0.0	3.5	378.0	0.362	0.443	0.787	1.107
5.794	FBXL6_neural	0	0.55	0.314	0.0	782.0	6989.0	1.322	118.0	1.049	0.04	0.0	0.0	0.0	0.0	0.0	0.0	0.359	0.911	0.0
7.494	GLT8D1_neural	0	0.629	0.295	0.0	19634.0	2435.0	2.935	885.0	2.489	-0.09	0.0	0.0	0.0	0.0	0.0	0.0	0.563	0.851	1.188
4.331	GRPEL2_neural	0	0.832	0.304	0.0	73760.0	8875.0	3.142	1629.0	1.927	-0.117	0.0	0.0	0.0	0.0	0.0	0.0	0.576	0.895	1.165
-8.744	LINC00923_neural	0	0.0	0.0	0.0	1375951.0	5834.0	1.364	0.0	0.04	0.0	0.0	0.0	0.0	0.0	0.0	0.0	0.562	0.981	1.015
0.874	NUTM2D_neural	0	0.643	0.214	3324.0	132220.0	7527.0	1.433	2276.0	0.3	-0.077	36.0	31.0	6.0	7.0	1674.0	0.372	0.421	1.152	0.888
-8.744	PAGE5_neural	0	0.999	0.999	104.0	37912.0	1047.0	1.382	13.0	-0.113	-0.136	9.0	5.0	0.0	1.0	393.0	0.491	0.639	0.863	1.414
3.509	SLC25A10_neural	0	0.895	0.476	936.0	8936.0	3661.0	1.844	1050.0	2.474	-0.244	25.0	6.0	9.0	4.0	891.0	0.373	0.374	1.016	1.018
5.573	SNX13_neural	0	0.587	0.228	3978.0	641174.0	8120.0	1.589	3730.0	4.787	0.419	51.0	10.0	17.0	7.0	2667.0	0.612	0.649	0.893	1.167
-4.353	TCP11X2_neural	0	0.0	0.0	1548.0	8538.0	3535.0	1.506	408.0	1.164	-0.064	2.0	2.0	1.0	1.0	156.0	0.506	0.601	1.044	0.925
4.677	TRIP4_neural	0	0.485	0.238	240.0	6394.0	2406.0	3.519	77.0	3.444	0.087	30.0	14.0	5.0	7.0	1746.0	0.537	0.58	0.953	1.058
-8.744	UGT2A2_neural	0	0.0	0.0	956.0	143737.0	6236.0	1.382	1196.0	2.053	0.064	33.0	12.0	12.0	1.0	1611.0	0.595	0.658	1.008	0.968
-2.739	UPK3B_neural	0	0.993	0.803	1319.0	48851.0	2696.0	1.742	953.0	0.311	-0.16	11.0	17.0	3.0	3.0	831.0	0.342	0.367	1.086	0.946
2.497	ZDHHC11_neural	0	0.634	0.408	0.0	57786.0	5889.0	1.484	599.0	-0.652	-0.37	0.0	0.0	0.0	0.0	0.0	0.0	0.558	0.706	1.354
