TPM_exon_exp_mean	Gene_name	label	mca3gini	mtdtau_log	mtdroku_specificity_log	Total_utr_5_len	tss_dis	TF_motif_meanexon	TF_motif_cv_tss_3kb	TF_motif_totaltss_2kb_norm_GL	utr5_mirna_count	exon_avg_CS_median	R_codon_bias_median_trans	AT_transcript_pct	GC_intron_pct	AT_intron_pct	GC_tss_2kb_pct
2.992	Cyp26b1	1	0.758	0.668	0.146	310.0	585319.0	0.581	2.111	0.022	2593.0	1.41	65.0	0.448	0.546	0.454	0.518
0.128	Cd38	1	0.613	0.591	0.102	324.0	46914.0	0.583	2.338	0.019	181.0	0.27	22.0	0.576	0.425	0.575	0.462
0.589	Meox1	1	0.702	0.666	0.143	370.0	109003.0	0.36	1.972	0.028	323.0	1.1	27.0	0.489	0.509	0.491	0.506
0.179	Zfx	1	0.233	0.502	0.076	440.0	154749.0	1.16	5.479	0.024	1483.0	1.88	48.0	0.604	0.395	0.605	0.535
0.884	Prom1	1	0.639	0.631	0.053	255.0	120253.0	0.439	2.342	0.004	2922.0	0.36	90.0	0.556	0.444	0.556	0.524
5.665	Pax6	1	0.896	0.725	0.0	284.0	269580.0	1.418	2.147	0.066	4554.0	2.88	68.0	0.512	0.491	0.509	0.548
-5.243	Pax6	1	0.896	0.725	0.0	284.0	269580.0	1.418	2.147	0.066	4554.0	2.88	68.0	0.512	0.491	0.509	0.548
-5.749	Pax7	1	0.901	0.355	0.0	618.0	179991.0	1.097	2.986	0.006	581.0	2.43	158.0	0.479	0.519	0.481	0.566
6.399	Cd22	1	0.813	0.888	0.295	511.0	18705.0	0.526	3.009	0.027	800.0	0.19	20.0	0.494	0.496	0.504	0.474
9.844	Vim	1	0.436	0.28	0.082	481.0	29283.0	0.467	2.917	0.076	184.0	2.39	15.0	0.565	0.4	0.6	0.522
1.037	Cd44	1	0.451	0.531	0.058	320.0	243007.0	0.758	2.762	0.004	2498.0	0.75	50.0	0.578	0.421	0.579	0.477
4.731	Cdh1	1	0.766	0.45	0.095	145.0	92460.0	0.642	1.862	0.008	136.0	0.92	96.0	0.53	0.468	0.532	0.503
5.018	Dkk3	1	0.685	0.575	0.079	117.0	135493.0	0.587	3.564	0.009	250.0	0.99	43.0	0.511	0.487	0.513	0.526
3.009	Bcar1	1	0.429	0.289	0.131	110.0	52799.0	0.396	2.061	0.014	90.0	1.27	56.0	0.472	0.521	0.479	0.572
6.723	Prss8	1	0.778	0.593	0.0	223.0	17589.0	0.887	1.868	0.372	842.0	0.57	8.0	0.455	0.533	0.467	0.528
-0.281	Prdm1	1	0.497	0.693	0.182	0.0	260144.0	0.132	2.856	0.007	1393.0	1.64	81.0	0.571	0.428	0.572	0.487
-0.089	Prdm1	1	0.497	0.693	0.182	0.0	260144.0	0.132	2.856	0.007	1393.0	1.64	81.0	0.571	0.428	0.572	0.487
2.18	Ngfr	1	0.667	0.56	0.098	178.0	73165.0	0.522	2.348	0.024	98.0	1.32	42.0	0.464	0.525	0.475	0.539
0.351	Ngfr	1	0.667	0.56	0.098	178.0	73165.0	0.522	2.348	0.024	98.0	1.32	42.0	0.464	0.525	0.475	0.539
-4.736	Eya2	1	0.592	0.616	0.07	245.0	91245.0	0.396	2.922	0.002	297.0	1.96	228.0	0.507	0.491	0.509	0.513
1.72	Cyb5r4	1	0.219	0.338	0.067	166.0	6477.0	0.487	2.005	0.007	117.0	1.46	37.0	0.596	0.402	0.598	0.425
1.036	Isoc1	1	0.198	0.414	0.132	27.0	103209.0	0.696	4.333	0.04	6.0	2.14	26.0	0.55	0.45	0.55	0.448
-0.768	Mef2a	1	0.36	0.289	0.119	339.0	150315.0	1.878	5.449	0.011	476.0	2.1	80.0	0.621	0.377	0.623	0.538
3.168	Tcf3	1	0.255	0.36	0.074	387.0	26817.0	0.391	3.683	0.018	1506.0	1.07	54.0	0.444	0.548	0.452	0.553
4.792	Tcf3	1	0.255	0.36	0.074	387.0	26817.0	0.391	3.683	0.018	1506.0	1.07	54.0	0.444	0.548	0.452	0.553
3.068	Smc1a	1	0.193	0.341	0.102	105.0	132.0	0.572	3.077	0.026	158.0	2.75	39.0	0.581	0.413	0.587	0.482
0.738	Trp63	1	0.881	0.724	0.174	526.0	396948.0	1.037	2.257	0.002	2019.0	2.53	133.0	0.604	0.394	0.606	0.384
-1.285	Gli2	1	0.637	0.631	0.088	351.0	425674.0	0.935	2.897	0.002	232.0	1.9	226.0	0.504	0.494	0.506	0.55
1.949	Mcam	1	0.538	0.419	0.077	129.0	21044.0	0.5	2.717	0.056	91.0	0.88	15.0	0.458	0.545	0.455	0.576
3.323	Dcx	1	0.871	0.728	0.0	266.0	105897.0	1.605	2.422	0.007	514.0	2.3	42.0	0.608	0.39	0.61	0.42
1.976	Map2	1	0.751	0.692	0.182	466.0	248796.0	0.869	3.308	0.003	2170.0	1.49	134.0	0.617	0.383	0.617	0.483
6.139	Edn1	1	0.643	0.722	0.175	420.0	249455.0	0.397	2.133	0.089	344.0	0.69	10.0	0.544	0.453	0.547	0.488
-2.448	Mef2c	1	0.389	0.656	0.11	378.0	1721163.0	4.963	3.046	0.011	8692.0	2.9	120.0	0.625	0.374	0.626	0.355
4.105	Ptprc	1	0.65	0.794	0.158	140.0	1214858.0	0.717	2.596	0.003	191.0	0.94	63.0	0.62	0.378	0.622	0.382
5.331	Cnot3	1	0.18	0.29	0.105	0.0	15305.0	0.627	2.461	0.025	328.0	2.49	17.0	0.49	0.495	0.505	0.523
2.095	Itga6	1	0.475	0.427	0.138	0.0	198861.0	0.084	2.276	0.006	282.0	0.97	83.0	0.546	0.453	0.547	0.468
1.657	Jak2	1	0.458	0.515	0.116	318.0	150453.0	3.502	2.861	0.041	1320.0	2.25	55.0	0.606	0.39	0.61	0.526
3.695	Nrp1	1	0.464	0.364	0.101	277.0	1294959.0	0.53	2.188	0.003	503.0	1.83	79.0	0.582	0.416	0.584	0.531
3.93	Susd2	1	0.624	0.605	0.077	0.0	54669.0	0.432	1.859	0.047	158.0	0.53	15.0	0.437	0.563	0.437	0.548
7.69	Xbp1	1	0.244	0.287	0.106	337.0	75811.0	0.313	2.127	0.095	560.0	1.53	19.0	0.488	0.5	0.5	0.534
3.816	Mcm5	1	0.485	0.592	0.099	63.0	15948.0	0.49	1.724	0.021	186.0	2.36	18.0	0.535	0.453	0.547	0.49
-2.358	Pdgfb	1	0.563	0.486	0.068	811.0	43689.0	0.441	3.274	0.018	585.0	1.01	52.0	0.446	0.545	0.455	0.599
3.216	Hif1a	1	0.277	0.369	0.06	127.0	316578.0	1.278	2.776	0.014	535.0	2.26	43.0	0.621	0.378	0.622	0.427
7.217	Tcl1	1	0.972	0.228	0.0	86.0	20781.0	0.175	2.87	0.078	174.0	-0.07	12.0	0.497	0.498	0.502	0.503
4.517	Cd40	1	0.594	0.697	0.099	82.0	20759.0	0.488	2.07	0.026	420.0	0.2	23.0	0.504	0.498	0.502	0.521
3.749	Sall4	1	0.902	0.781	0.0	173.0	25068.0	3.954	2.342	0.165	910.0	1.1	44.0	0.497	0.489	0.511	0.537
-0.54	Jag1	1	0.57	0.56	0.107	388.0	225037.0	1.028	2.365	0.016	183.0	2.5	51.0	0.526	0.471	0.529	0.582
6.298	Emd	1	0.164	0.204	0.131	123.0	5009.0	0.183	2.614	0.075	660.0	0.77	7.0	0.539	0.45	0.55	0.49
5.971	Klf5	1	0.633	0.622	0.072	305.0	198784.0	0.782	3.287	0.037	287.0	1.92	40.0	0.557	0.434	0.566	0.5
6.019	Klf5	1	0.633	0.622	0.072	305.0	198784.0	0.782	3.287	0.037	287.0	1.92	40.0	0.557	0.434	0.566	0.5
0.933	Abcc1	1	0.391	0.358	0.14	37.0	44184.0	0.963	2.269	0.003	141.0	1.74	80.0	0.538	0.459	0.541	0.498
2.008	Gabpb1	1	0.236	0.373	0.072	214.0	56890.0	0.829	4.615	0.017	2135.0	2.49	56.0	0.589	0.406	0.594	0.514
-2.338	Eya1	1	0.546	0.709	0.0	647.0	641465.0	0.864	2.25	0.003	2023.0	2.81	82.0	0.592	0.407	0.593	0.397
4.996	Tgfb1	1	0.398	0.486	0.092	868.0	6222.0	0.433	1.947	0.045	723.0	1.28	37.0	0.489	0.495	0.505	0.596
1.339	Tgfb1	1	0.398	0.486	0.092	868.0	6222.0	0.433	1.947	0.045	723.0	1.28	37.0	0.489	0.495	0.505	0.596
0.06	Etv2	1	0.903	0.0	0.0	23.0	9701.0	0.194	2.14	0.18	14.0	0.78	5.0	0.438	0.537	0.463	0.512
-0.735	Met	1	0.558	0.517	0.084	515.0	157465.0	1.141	2.582	0.006	608.0	1.72	127.0	0.582	0.415	0.585	0.47
0.946	Eng	1	0.639	0.435	0.069	364.0	24837.0	0.607	1.831	0.01	861.0	0.53	46.0	0.498	0.494	0.506	0.534
10.212	Col1a1	1	0.67	0.508	0.058	146.0	153520.0	1.099	2.182	0.025	90.0	2.2	31.0	0.461	0.512	0.488	0.535
2.196	Nfkb1	1	0.367	0.318	0.147	504.0	205936.0	0.775	3.803	0.007	253.0	1.44	127.0	0.554	0.443	0.557	0.524
-2.747	Zbtb16	1	0.573	0.516	0.098	249.0	230792.0	0.931	2.464	0.002	207.0	2.29	219.0	0.517	0.482	0.518	0.58
6.799	Cd81	1	0.383	0.184	0.052	263.0	47693.0	0.313	2.393	0.022	358.0	1.52	20.0	0.466	0.535	0.465	0.535
-8.952	Myf6	1	0.925	0.41	0.0	34.0	8603.0	0.222	2.436	0.225	21.0	1.51	3.0	0.512	0.535	0.465	0.433
-2.291	Myf5	1	0.891	0.439	0.0	204.0	214449.0	0.359	2.445	0.2	298.0	1.2	3.0	0.567	0.465	0.535	0.48
10.759	Krt18	1	0.703	0.0	0.0	100.0	23697.0	0.129	3.554	0.142	99.0	1.52	11.0	0.462	0.523	0.477	0.535
-0.161	Vdr	1	0.778	0.844	0.204	157.0	63808.0	0.604	3.226	0.007	124.0	1.53	67.0	0.501	0.497	0.503	0.522
3.123	Eno2	1	0.706	0.76	0.209	254.0	13149.0	0.555	2.661	0.088	763.0	2.46	17.0	0.474	0.517	0.483	0.562
6.255	Nanog	1	0.976	0.427	0.0	76.0	81079.0	0.392	2.337	0.07	312.0	0.34	7.0	0.557	0.435	0.565	0.479
2.508	Cd86	1	0.54	0.741	0.184	117.0	103943.0	0.335	2.374	0.01	147.0	0.09	39.0	0.57	0.429	0.571	0.446
9.253	Hes1	1	0.444	0.422	0.106	252.0	486006.0	0.295	2.302	0.213	133.0	2.53	9.0	0.466	0.575	0.425	0.605
-0.414	Foxp1	1	0.258	0.379	0.051	713.0	1178243.0	1.157	3.948	0.004	1565.0	2.48	597.0	0.556	0.443	0.557	0.562
9.373	Ncl	1	0.243	0.484	0.056	178.0	56167.0	1.544	4.088	0.077	194.0	1.41	14.0	0.576	0.417	0.583	0.534
1.447	Tfcp2l1	1	0.825	0.692	0.163	96.0	238888.0	1.689	1.943	0.012	57.0	2.1	37.0	0.536	0.463	0.537	0.487
2.833	Itga4	1	0.638	0.667	0.142	161.0	386453.0	1.764	2.185	0.007	219.0	1.4	46.0	0.612	0.385	0.615	0.491
4.918	Fn1	1	0.72	0.391	0.056	219.0	96051.0	1.233	3.071	0.009	1680.0	1.83	86.0	0.563	0.424	0.576	0.476
2.167	Sdc1	1	0.556	0.41	0.074	314.0	97189.0	0.505	2.071	0.019	224.0	0.48	35.0	0.471	0.526	0.474	0.584
2.608	Prrx1	1	0.647	0.592	0.038	1076.0	228040.0	1.05	4.223	0.01	2795.0	1.85	53.0	0.589	0.411	0.589	0.519
2.327	Mef2d	1	0.294	0.397	0.076	436.0	60401.0	0.979	2.016	0.016	624.0	2.17	32.0	0.473	0.521	0.479	0.574
3.073	Cr2	1	0.9	0.799	0.0	107.0	45372.0	1.049	2.978	0.015	175.0	0.35	15.0	0.631	0.361	0.639	0.396
4.345	Myb	1	0.799	0.811	0.153	188.0	208359.0	0.563	4.053	0.034	450.0	2.09	45.0	0.569	0.426	0.574	0.548
8.266	Ccn2	1	0.0	0.0	0.0	285.0	371925.0	0.379	2.177	0.122	313.0	1.59	9.0	0.485	0.505	0.495	0.494
10.087	Tcf21	1	0.826	0.486	0.0	272.0	88727.0	0.195	2.579	0.164	351.0	1.4	12.0	0.505	0.476	0.524	0.472
2.346	Esrrb	1	0.922	0.807	0.0	421.0	119259.0	0.591	3.105	0.004	461.0	1.97	197.0	0.511	0.487	0.513	0.492
2.434	Bcl11a	1	0.498	0.714	0.09	275.0	3062.0	0.498	4.184	0.007	665.0	2.54	114.0	0.545	0.455	0.545	0.579
2.923	Tek	1	0.725	0.425	0.064	353.0	89144.0	0.645	2.735	0.003	1257.0	2.15	93.0	0.589	0.41	0.59	0.406
6.43	Eny2	1	0.214	0.396	0.05	127.0	237.0	0.713	1.925	0.09	377.0	2.53	9.0	0.616	0.38	0.62	0.443
5.626	Cxcr4	1	0.536	0.721	0.08	82.0	174931.0	0.452	4.525	0.102	141.0	0.88	10.0	0.513	0.507	0.493	0.514
2.604	Flt3	1	0.542	0.847	0.189	225.0	78049.0	0.563	2.799	0.008	174.0	1.43	83.0	0.544	0.453	0.547	0.496
-1.094	Myog	1	0.937	0.339	0.0	68.0	54557.0	0.262	1.925	0.131	137.0	1.39	5.0	0.459	0.531	0.469	0.54
3.518	P4ha1	1	0.441	0.41	0.058	210.0	101343.0	0.752	3.259	0.016	866.0	2.39	48.0	0.585	0.411	0.589	0.472
1.26	Plcg1	1	0.33	0.352	0.107	136.0	85422.0	1.238	3.126	0.012	60.0	2.4	55.0	0.507	0.488	0.512	0.582
3.071	Plcg1	1	0.33	0.352	0.107	136.0	85422.0	1.238	3.126	0.012	60.0	2.4	55.0	0.507	0.488	0.512	0.582
6.326	Snai1	1	0.591	0.572	0.085	96.0	45307.0	0.319	2.416	0.135	57.0	0.66	11.0	0.431	0.554	0.446	0.576
7.436	Cdkn1a	1	0.612	0.514	0.065	136.0	58351.0	0.286	2.028	0.054	294.0	0.45	27.0	0.462	0.538	0.462	0.481
5.931	Sox4	1	0.379	0.532	0.078	693.0	696186.0	1.037	3.26	0.051	293.0	1.29	24.0	0.489	0.0	0.0	0.559
7.429	Sox9	1	0.781	0.494	0.067	362.0	1716060.0	0.956	3.793	0.109	270.0	1.92	23.0	0.491	0.559	0.441	0.558
7.872	Cd93	1	0.583	0.513	0.054	140.0	35375.0	1.09	2.616	0.039	98.0	0.08	7.0	0.526	0.506	0.494	0.5
2.434	Pcid2	1	0.264	0.26	0.135	650.0	44495.0	1.693	1.888	0.064	1034.0	2.11	41.0	0.524	0.469	0.531	0.58
3.171	Stat5a	1	0.511	0.522	0.054	336.0	8626.0	0.591	2.032	0.021	487.0	2.32	40.0	0.501	0.488	0.512	0.539
2.446	Six1	1	0.717	0.859	0.253	0.0	113996.0	0.044	1.897	0.045	269.0	1.09	41.0	0.477	0.517	0.483	0.516
2.102	Bcl11b	1	0.773	0.874	0.253	460.0	1993311.0	1.783	3.466	0.008	236.0	1.61	165.0	0.495	0.506	0.494	0.583
9.207	Klf2	1	0.466	0.433	0.06	46.0	13772.0	0.513	1.636	0.141	19.0	0.67	12.0	0.395	0.58	0.42	0.591
6.369	Kdr	1	0.718	0.476	0.118	291.0	403543.0	0.862	2.132	0.011	519.0	1.8	53.0	0.555	0.438	0.562	0.51
-0.274	Lif	1	0.756	0.662	0.109	236.0	21137.0	0.723	2.07	0.028	605.0	0.74	29.0	0.448	0.56	0.44	0.531
0.054	Myod1	1	0.922	0.475	0.0	200.0	135487.0	0.274	2.435	0.122	323.0	0.84	14.0	0.419	0.562	0.438	0.557
5.21	Cdo1	1	0.693	0.53	0.116	254.0	130686.0	0.286	2.279	0.047	567.0	1.71	19.0	0.576	0.417	0.583	0.483
3.246	Nectin2	1	0.449	0.0	0.0	272.0	34135.0	0.543	3.346	0.019	462.0	0.94	47.0	0.483	0.511	0.489	0.565
6.647	Trim28	1	0.249	0.284	0.096	0.0	921.0	0.08	2.639	0.028	276.0	1.68	61.0	0.522	0.477	0.523	0.448
5.281	Gfap	1	0.865	0.894	0.278	15.0	11963.0	0.403	1.894	0.041	229.0	1.66	17.0	0.491	0.493	0.507	0.552
0.514	Nfatc1	1	0.581	0.599	0.087	293.0	243363.0	0.66	3.445	0.003	418.0	1.61	168.0	0.491	0.507	0.493	0.575
4.569	Nes	1	0.579	0.645	0.12	111.0	22427.0	0.741	2.267	0.034	79.0	1.03	14.0	0.453	0.531	0.469	0.553
5.186	Pdgfra	1	0.69	0.492	0.08	166.0	76705.0	0.93	3.201	0.014	1367.0	2.01	76.0	0.529	0.471	0.529	0.53
3.162	Ets1	1	0.584	0.594	0.107	83.0	94652.0	0.412	2.392	0.006	582.0	1.87	117.0	0.552	0.447	0.553	0.449
0.653	Msi1	1	0.696	0.677	0.06	150.0	80617.0	0.65	3.937	0.02	89.0	2.81	74.0	0.459	0.536	0.464	0.62
2.889	Tbx3	1	0.796	0.512	0.061	1348.0	1109950.0	0.931	2.587	0.033	1068.0	2.26	40.0	0.511	0.46	0.54	0.568
2.31	Nt5e	1	0.666	0.549	0.044	490.0	595936.0	0.882	3.24	0.016	83.0	1.28	39.0	0.555	0.441	0.559	0.48
6.75	Lmo2	1	0.514	0.418	0.082	270.0	160345.0	0.762	2.457	0.022	929.0	1.43	39.0	0.534	0.464	0.536	0.467
4.767	Ehf	1	0.838	0.685	0.0	229.0	229604.0	0.615	1.74	0.011	174.0	1.66	30.0	0.557	0.446	0.554	0.453
2.741	B4galnt1	1	0.531	0.483	0.06	298.0	44093.0	0.379	1.852	0.044	554.0	1.21	25.0	0.445	0.531	0.469	0.56
6.079	Cd164	1	0.19	0.208	0.15	122.0	28975.0	0.498	2.656	0.051	49.0	0.36	17.0	0.59	0.408	0.592	0.489
-4.074	Pax3	1	0.892	0.472	0.0	386.0	682046.0	0.85	4.46	0.005	773.0	2.62	103.0	0.575	0.423	0.577	0.526
3.818	Gad2	1	0.937	0.444	0.0	459.0	279903.0	1.125	3.295	0.01	248.0	2.48	47.0	0.587	0.41	0.59	0.546
4.402	Smc2	1	0.389	0.708	0.138	225.0	1222565.0	3.435	3.044	0.037	570.0	2.14	31.0	0.62	0.378	0.622	0.438
8.566	Klf4	1	0.601	0.641	0.092	596.0	182424.0	0.515	2.75	0.064	223.0	1.67	26.0	0.472	0.503	0.497	0.607
5.617	Klf4	1	0.601	0.641	0.092	596.0	182424.0	0.515	2.75	0.064	223.0	1.67	26.0	0.472	0.503	0.497	0.607
4.153	Myc	1	0.479	0.52	0.05	532.0	1066127.0	1.381	3.325	0.339	5786.0	1.22	22.0	0.47	0.528	0.472	0.542
6.86	Myc	1	0.479	0.52	0.05	532.0	1066127.0	1.381	3.325	0.339	5786.0	1.22	22.0	0.47	0.528	0.472	0.542
1.998	Tet1	1	0.494	0.716	0.144	296.0	106887.0	2.002	1.837	0.01	158.0	1.13	90.0	0.56	0.441	0.559	0.444
3.984	Ppig	1	0.155	0.501	0.074	241.0	10198.0	1.203	3.949	0.027	788.0	2.39	23.0	0.624	0.378	0.622	0.474
4.955	Anxa3	1	0.401	0.492	0.096	219.0	419430.0	0.192	3.718	0.008	513.0	1.22	43.0	0.566	0.433	0.567	0.462
0.49	Lef1	1	0.705	0.757	0.13	1002.0	380072.0	6.992	2.963	0.05	8529.0	2.47	163.0	0.538	0.461	0.539	0.554
1.223	Etv6	1	0.315	0.285	0.103	836.0	181937.0	1.141	3.841	0.004	706.0	1.92	277.0	0.544	0.455	0.545	0.519
6.227	Cd27	1	0.865	0.92	0.385	119.0	5150.0	0.7	2.188	0.358	524.0	0.34	5.0	0.493	0.493	0.507	0.484
4.46	Ascl1	1	0.857	0.754	0.0	573.0	435614.0	0.414	2.349	0.133	713.0	0.94	11.0	0.462	0.499	0.501	0.575
-0.689	Tcf12	1	0.323	0.353	0.104	296.0	340245.0	1.401	4.741	0.004	884.0	2.48	165.0	0.622	0.377	0.623	0.528
6.247	Rlbp1	1	0.91	0.712	0.0	501.0	113850.0	0.326	1.829	0.039	1384.0	1.49	14.0	0.517	0.473	0.527	0.498
4.265	Cbx4	1	0.385	0.411	0.139	205.0	45252.0	1.048	3.118	0.075	65.0	1.66	40.0	0.431	0.571	0.429	0.603
0.975	Erbb2	1	0.532	0.434	0.144	194.0	11979.0	0.731	2.983	0.017	81.0	1.77	52.0	0.464	0.527	0.473	0.528
6.102	Osr1	1	0.649	0.595	0.0	90.0	540089.0	0.063	2.678	0.048	292.0	0.99	20.0	0.5	0.495	0.505	0.458
3.078	Fip1l1	1	0.136	0.308	0.086	232.0	3699.0	1.075	2.783	0.01	1212.0	2.37	38.0	0.611	0.385	0.615	0.446
-1.546	Pdgfc	1	0.49	0.557	0.094	1022.0	122755.0	1.118	4.88	0.008	712.0	1.59	95.0	0.618	0.379	0.621	0.509
2.23	Prdm14	1	0.821	0.296	0.0	77.0	134513.0	0.337	2.549	0.032	100.0	1.16	25.0	0.537	0.454	0.546	0.522
9.612	Gsn	1	0.781	0.411	0.057	190.0	55259.0	0.364	1.802	0.007	293.0	1.87	53.0	0.498	0.499	0.501	0.525
2.666	Notch1	1	0.363	0.497	0.091	265.0	58606.0	1.5	1.76	0.01	104.0	1.99	78.0	0.456	0.536	0.464	0.576
2.217	Notch1	1	0.363	0.497	0.091	265.0	58606.0	1.5	1.76	0.01	104.0	1.99	78.0	0.456	0.536	0.464	0.576
-0.663	Zeb1	1	0.453	0.321	0.055	47.0	257056.0	0.931	6.001	0.008	116.0	2.43	130.0	0.595	0.404	0.596	0.571
5.613	Ina	1	0.924	0.68	0.0	58.0	253102.0	0.741	2.924	0.108	45.0	1.89	16.0	0.517	0.451	0.549	0.562
-0.787	Ptprj	1	0.541	0.339	0.063	61.0	181965.0	1.406	3.965	0.004	225.0	0.86	153.0	0.542	0.456	0.544	0.573
2.831	Ncam1	1	0.65	0.632	0.084	197.0	312700.0	1.273	3.099	0.003	1408.0	2.21	230.0	0.57	0.429	0.571	0.528
3.677	Itgb1	1	0.329	0.327	0.087	307.0	326370.0	0.816	3.198	0.019	209.0	2.21	29.0	0.608	0.387	0.613	0.475
3.923	Itgb1	1	0.329	0.327	0.087	307.0	326370.0	0.816	3.198	0.019	209.0	2.21	29.0	0.608	0.387	0.613	0.475
2.289	Foxo1	1	0.457	0.531	0.105	467.0	163259.0	1.582	3.677	0.009	240.0	0.98	102.0	0.557	0.438	0.562	0.596
1.308	Fli1	1	0.459	0.533	0.065	388.0	169103.0	0.787	4.069	0.005	323.0	2.15	110.0	0.544	0.456	0.544	0.57
5.374	Thy1	1	0.733	0.621	0.082	120.0	298740.0	0.292	2.191	0.188	139.0	0.5	9.0	0.461	0.529	0.471	0.518
-0.005	Wnt7a	1	0.888	0.548	0.0	255.0	198909.0	0.637	2.416	0.01	154.0	1.58	50.0	0.489	0.508	0.492	0.58
4.436	Pcgf6	1	0.292	0.402	0.047	86.0	35751.0	0.61	3.26	0.068	150.0	1.85	20.0	0.571	0.424	0.576	0.49
8.571	Ms4a1	1	0.791	0.664	0.0	211.0	33793.0	0.612	2.802	0.022	135.0	0.49	11.0	0.584	0.418	0.582	0.459
-2.414	Nrg1	1	0.619	0.636	0.0	60.0	966039.0	0.359	4.581	0.001	5524.0	2.18	619.0	0.605	0.394	0.606	0.544
1.776	Kit	1	0.427	0.459	0.095	137.0	422609.0	0.844	2.789	0.006	132.0	1.68	122.0	0.54	0.458	0.542	0.524
-2.529	Kit	1	0.427	0.459	0.095	137.0	422609.0	0.844	2.789	0.006	132.0	1.68	122.0	0.54	0.458	0.542	0.524
0.412	Erg	1	0.584	0.477	0.072	250.0	329036.0	0.365	2.604	0.003	782.0	1.86	239.0	0.541	0.459	0.541	0.5
3.835	Grhl3	1	0.895	0.868	0.0	207.0	77644.0	0.426	3.498	0.016	214.0	1.53	43.0	0.476	0.524	0.476	0.513
6.3	Cd1d1	1	0.411	0.643	0.109	190.0	12856.0	0.414	1.807	0.115	251.0	0.07	4.0	0.529	0.464	0.536	0.468
5.837	F11r	1	0.432	0.371	0.181	107.0	18502.0	0.552	3.672	0.018	108.0	0.68	36.0	0.535	0.461	0.539	0.489
1.411	Runx1	1	0.412	0.712	0.156	276.0	328016.0	1.163	3.606	0.002	1245.0	2.39	288.0	0.528	0.473	0.527	0.478
7.063	S100b	1	0.921	0.823	0.122	116.0	15987.0	0.303	2.137	0.065	186.0	0.4	9.0	0.529	0.467	0.533	0.461
4.457	Nacc1	1	0.233	0.309	0.096	238.0	25048.0	0.662	2.591	0.059	79.0	1.62	26.0	0.493	0.483	0.517	0.563
2.737	Ikzf3	1	0.732	0.815	0.0	51.0	98967.0	0.623	2.865	0.008	138.0	1.63	91.0	0.559	0.438	0.562	0.438
2.314	Lemd2	1	0.225	0.336	0.134	52.0	36674.0	0.377	3.495	0.038	17.0	1.48	49.0	0.434	0.55	0.45	0.573
2.638	Tal1	1	0.626	0.668	0.093	196.0	56267.0	0.697	2.43	0.037	341.0	0.75	33.0	0.49	0.503	0.497	0.513
2.142	Alpl	1	0.596	0.612	0.082	245.0	131659.0	0.423	2.928	0.009	237.0	1.56	69.0	0.488	0.51	0.49	0.54
1.749	Gfi1	1	0.81	0.899	0.0	295.0	127917.0	0.349	2.197	0.032	623.0	1.46	32.0	0.47	0.513	0.487	0.562
1.244	Gfi1	1	0.81	0.899	0.0	295.0	127917.0	0.349	2.197	0.032	623.0	1.46	32.0	0.47	0.513	0.487	0.562
4.475	Vcam1	1	0.48	0.581	0.084	322.0	122227.0	0.675	2.947	0.022	426.0	0.62	19.0	0.601	0.39	0.61	0.403
5.913	Zfp281	1	0.194	0.478	0.102	167.0	156966.0	3.419	4.632	0.491	586.0	1.99	12.0	0.553	0.818	0.182	0.504
1.895	Ddr2	1	0.699	0.605	0.085	480.0	141320.0	1.171	1.81	0.004	693.0	2.13	103.0	0.569	0.429	0.571	0.496
8.765	Elf3	1	0.826	0.55	0.0	230.0	90887.0	0.245	2.151	0.067	299.0	1.07	9.0	0.453	0.535	0.465	0.512
1.112	Tgfbr2	1	0.609	0.411	0.077	229.0	265811.0	1.555	2.599	0.005	506.0	1.7	102.0	0.532	0.465	0.535	0.525
2.261	Ebf1	1	0.511	0.634	0.08	863.0	98353.0	1.46	4.351	0.002	42.0	3.41	321.0	0.576	0.424	0.576	0.488
-4.97	Tert	1	0.684	0.614	0.083	115.0	22910.0	0.598	2.261	0.014	77.0	0.57	36.0	0.503	0.488	0.512	0.532
14.23	Fabp7	1	0.886	0.688	0.0	129.0	152830.0	0.163	2.921	0.106	178.0	1.27	3.0	0.616	0.375	0.625	0.42
9.77	Col1a2	1	0.66	0.445	0.079	348.0	418520.0	1.026	2.906	0.015	111.0	1.6	33.0	0.594	0.38	0.62	0.466
4.57	Nos3	1	0.66	0.584	0.117	29.0	13205.0	0.717	1.758	0.023	22.0	1.79	26.0	0.482	0.501	0.499	0.539
0.08	Aldh1a1	1	0.72	0.54	0.094	357.0	101770.0	0.458	1.885	0.003	617.0	1.53	87.0	0.615	0.384	0.616	0.409
2.924	Gfi1b	1	0.739	0.6	0.0	157.0	38703.0	0.203	3.012	0.055	271.0	1.04	15.0	0.481	0.51	0.49	0.501
0.706	Rbfox3	1	0.794	0.789	0.208	484.0	434769.0	0.23	2.912	0.001	2152.0	1.93	485.0	0.481	0.519	0.481	0.518
3.934	Cd320	1	0.421	0.384	0.066	81.0	18519.0	0.326	1.828	0.066	241.0	0.23	9.0	0.502	0.491	0.509	0.484
3.465	Bmi1	1	0.344	0.348	0.05	473.0	4634.0	0.752	3.833	0.129	641.0	2.98	33.0	0.576	0.436	0.564	0.546
1.762	Hr	1	0.69	0.558	0.053	697.0	8702.0	0.96	2.625	0.022	707.0	0.97	29.0	0.461	0.514	0.486	0.615
1.707	Stat3	1	0.35	0.259	0.085	174.0	80054.0	1.019	4.216	0.013	964.0	2.8	48.0	0.535	0.457	0.543	0.482
3.231	Stat3	1	0.35	0.259	0.085	174.0	80054.0	1.019	4.216	0.013	964.0	2.8	48.0	0.535	0.457	0.543	0.482
3.355	Il7r	1	0.685	0.8	0.0	94.0	93808.0	0.578	3.281	0.023	288.0	0.74	13.0	0.623	0.373	0.627	0.416
7.392	Nr0b1	1	0.934	0.681	0.0	38.0	147565.0	0.314	3.5	0.207	20.0	0.61	10.0	0.538	0.393	0.607	0.491
5.36	Chd3	1	0.29	0.356	0.125	16.0	28946.0	1.116	3.961	0.024	239.0	2.56	64.0	0.468	0.52	0.48	0.55
0.324	Alcam	1	0.532	0.562	0.142	1610.0	422850.0	1.45	4.521	0.006	1541.0	1.71	127.0	0.62	0.378	0.622	0.487
8.247	Fos	1	0.441	0.542	0.106	151.0	99042.0	0.384	2.966	0.141	142.0	1.8	11.0	0.469	0.552	0.448	0.567
0.302	Smad1	1	0.372	0.325	0.121	449.0	104581.0	0.466	4.736	0.013	202.0	2.09	93.0	0.541	0.457	0.543	0.515
9.704	Krt8	1	0.749	0.488	0.161	244.0	50195.0	0.212	3.909	0.062	169.0	1.63	17.0	0.459	0.53	0.47	0.551
0.122	Six2	1	0.882	0.641	0.0	323.0	74667.0	0.302	2.151	0.077	117.0	1.04	28.0	0.426	0.531	0.469	0.591
8.443	S1pr1	1	0.547	0.457	0.108	537.0	810995.0	0.449	2.707	0.096	599.0	0.56	11.0	0.53	0.436	0.564	0.482
1.308	Pten	1	0.325	0.278	0.12	949.0	17710.0	1.898	4.271	0.014	706.0	2.79	58.0	0.619	0.377	0.623	0.576
9.583	Egfl7	1	0.616	0.343	0.079	322.0	77233.0	0.302	2.149	0.027	1166.0	0.43	23.0	0.44	0.557	0.443	0.541
-1.183	Dab1	1	0.745	0.602	0.09	452.0	305853.0	0.151	4.063	0.001	1624.0	2.07	733.0	0.574	0.426	0.574	0.522
2.104	Stat5b	1	0.386	0.433	0.143	338.0	79767.0	0.862	4.063	0.011	276.0	2.62	94.0	0.539	0.454	0.546	0.542
6.608	Cd34	1	0.68	0.457	0.061	148.0	318994.0	0.452	2.456	0.021	272.0	0.38	8.0	0.589	0.4	0.6	0.448
0.877	Mga	1	0.262	0.503	0.08	188.0	99495.0	17.237	1.992	0.091	771.0	1.46	48.0	0.618	0.374	0.626	0.438
5.231	Nr2f1	1	0.689	0.532	0.082	1185.0	174856.0	0.922	5.329	0.092	237.0	2.25	32.0	0.512	0.44	0.56	0.581
6.94	Foxg1	1	0.954	0.359	0.0	1604.0	2563953.0	1.468	4.912	0.171	1027.0	1.46	19.0	0.418	0.0	0.0	0.544
5.933	Foxg1	1	0.954	0.359	0.0	1604.0	2563953.0	1.468	4.912	0.171	1027.0	1.46	19.0	0.418	0.0	0.0	0.544
3.632	Foxc2	1	0.762	0.783	0.184	445.0	7852.0	0.84	1.77	0.385	258.0	0.92	4.0	0.38	0.0	0.0	0.59
8.051	Sox11	1	0.806	0.87	0.433	167.0	873371.0	2.018	4.069	0.085	209.0	1.06	23.0	0.535	0.0	0.0	0.579
8.961	Cd19	1	0.797	0.832	0.0	54.0	18152.0	0.416	2.072	0.073	1849.0	0.71	8.0	0.482	0.504	0.496	0.503
8.164	Zfp42	1	0.991	0.326	0.0	380.0	126440.0	0.28	3.214	0.043	577.0	0.08	17.0	0.568	0.426	0.574	0.447
4.751	Gata2	1	0.622	0.649	0.062	156.0	109409.0	0.588	1.992	0.034	250.0	1.94	48.0	0.435	0.564	0.436	0.548
8.788	Sox2	1	0.902	0.73	0.0	12.0	569092.0	0.273	2.551	0.171	270.0	2.23	15.0	0.495	0.0	0.0	0.553
7.705	Sox2	1	0.902	0.73	0.0	12.0	569092.0	0.273	2.551	0.171	270.0	2.23	15.0	0.495	0.0	0.0	0.553
-2.747	Hoxb4	1	0.526	0.522	0.0	504.0	14931.0	0.659	3.379	0.206	654.0	1.07	16.0	0.458	0.515	0.485	0.524
4.721	Sox1	1	0.962	0.492	0.0	1067.0	116476.0	1.3	3.819	0.113	372.0	0.38	26.0	0.431	0.0	0.0	0.58
6.33	Gas6	1	0.62	0.415	0.107	152.0	59302.0	0.542	3.0	0.019	129.0	0.8	43.0	0.487	0.508	0.492	0.538
3.731	Smtn	1	0.556	0.464	0.098	246.0	24609.0	1.372	2.363	0.063	2544.0	1.21	45.0	0.454	0.536	0.464	0.509
8.311	Gdf3	1	0.691	0.53	0.0	122.0	7643.0	0.321	2.402	0.128	173.0	0.36	7.0	0.519	0.469	0.531	0.474
4.858	Pou3f2	1	0.946	0.568	0.0	236.0	130824.0	1.392	3.722	0.15	190.0	1.16	21.0	0.556	0.0	0.0	0.596
10.07	Krt5	1	0.926	0.545	0.0	89.0	18591.0	0.277	1.705	0.052	124.0	1.87	7.0	0.478	0.493	0.507	0.535
1.031	Myt1l	1	0.898	0.771	0.0	911.0	776581.0	1.17	2.124	0.001	2014.0	2.34	259.0	0.561	0.439	0.561	0.424
10.737	Krt14	1	0.927	0.651	0.0	94.0	14302.0	0.189	1.96	0.073	291.0	1.42	9.0	0.475	0.495	0.505	0.534
5.216	Mapt	1	0.845	0.698	0.171	233.0	45063.0	1.031	3.25	0.004	760.0	1.54	122.0	0.507	0.491	0.509	0.566
3.736	Foxd3	1	0.768	0.688	0.0	327.0	360399.0	0.537	2.334	0.081	197.0	0.98	13.0	0.349	0.0	0.0	0.608
3.005	Mapk12	1	0.527	0.574	0.081	0.0	11952.0	0.241	2.518	0.045	268.0	2.1	17.0	0.48	0.51	0.49	0.551
3.542	Fzd9	1	0.922	0.777	0.204	202.0	63967.0	0.38	1.992	0.113	5.0	1.41	13.0	0.378	0.0	0.0	0.577
1.756	Pax5	1	0.765	0.657	0.0	80.0	409612.0	1.36	3.624	0.002	35.0	2.44	217.0	0.509	0.49	0.51	0.497
8.199	S100a4	1	0.536	0.551	0.0	53.0	1867.0	0.141	1.929	0.656	157.0	0.93	3.0	0.515	0.483	0.517	0.511
1.712	Tead4	1	0.666	0.649	0.078	571.0	157250.0	0.344	2.099	0.007	750.0	2.12	66.0	0.511	0.485	0.515	0.537
11.174	Hes5	1	0.886	0.737	0.0	74.0	32370.0	0.201	2.327	0.189	91.0	0.89	6.0	0.36	0.773	0.227	0.593
8.401	Pou5f1	1	0.99	0.388	0.0	83.0	35929.0	0.17	2.288	0.09	84.0	1.55	9.0	0.47	0.511	0.489	0.546
-1.466	Cdsn	1	0.792	0.769	0.0	74.0	18927.0	0.407	2.723	0.138	56.0	0.56	7.0	0.462	0.497	0.503	0.525
4.228	Gabbr1	1	0.451	0.485	0.096	325.0	22567.0	0.821	4.551	0.018	1193.0	2.45	40.0	0.512	0.479	0.521	0.557
-3.867	Itga1	1	0.512	0.59	0.097	434.0	340.0	1.909	1.983	0.006	414.0	1.53	137.0	0.592	0.406	0.594	0.484
5.637	Tnf	1	0.489	0.69	0.0	168.0	7569.0	0.283	2.283	0.269	415.0	0.64	4.0	0.477	0.526	0.474	0.538
3.587	Twist2	1	0.791	0.588	0.0	167.0	260747.0	0.209	2.038	0.008	127.0	1.12	55.0	0.509	0.489	0.511	0.579
10.087	Rps28	1	0.127	0.216	0.092	21.0	13973.0	0.172	1.869	0.197	402.0	2.17	8.0	0.517	0.476	0.524	0.48
5.263	Tnfrsf13b	1	0.62	0.0	0.0	78.0	104191.0	0.361	3.426	0.024	189.0	0.24	30.0	0.537	0.458	0.542	0.459
12.061	Mif	1	0.31	0.277	0.096	73.0	22873.0	0.084	3.306	0.256	199.0	0.96	4.0	0.377	0.663	0.337	0.529
9.727	Tubb3	1	0.855	0.699	0.064	183.0	4317.0	0.475	2.238	0.213	100.0	2.5	18.0	0.495	0.489	0.511	0.548
-0.021	Itgb3	1	0.458	0.663	0.082	90.0	57337.0	0.967	1.863	0.008	55.0	1.77	76.0	0.527	0.468	0.532	0.494
5.01	Pecam1	1	0.57	0.356	0.054	620.0	137698.0	0.487	1.892	0.01	1032.0	0.63	87.0	0.53	0.469	0.531	0.436
1.72	Kmt2b	1	0.256	0.0	0.0	10.0	23300.0	1.12	1.877	0.03	133.0	1.9	41.0	0.454	0.513	0.487	0.6
10.289	Cd24a	1	0.363	0.342	0.126	86.0	38200.0	0.324	1.809	0.102	130.0	0.64	13.0	0.533	0.488	0.512	0.544
5.181	Las1l	0	0.243	0.372	0.077	66.0	245236.0	1.048	2.192	0.095	434.0	1.11	16.0	0.552	0.44	0.56	0.442
3.286	Zswim7	0	0.375	0.317	0.067	44.0	32392.0	0.087	2.639	0.039	98.0	1.03	17.0	0.551	0.444	0.556	0.493
0.338	Zswim4	0	0.379	0.388	0.094	52.0	51838.0	0.687	2.451	0.017	9.0	1.7	33.0	0.486	0.499	0.501	0.518
-10.002	Zfy1	0	0.994	0.096	0.0	231.0	526625.971	0.449	2.746	0.01	317.0	0.76	36.0	0.619	0.38	0.62	0.389
-2.747	Zfr2	0	0.497	0.544	0.105	36.0	2321.0	0.435	1.843	0.032	30.0	0.49	26.0	0.438	0.549	0.451	0.533
-2.518	Zfp786	0	0.566	0.592	0.089	455.0	17437.0	0.519	2.227	0.029	70.0	0.45	14.0	0.547	0.425	0.575	0.448
-0.927	Zfp78	0	0.356	0.775	0.167	120.0	19621.0	0.561	4.338	0.021	1227.0	0.25	16.0	0.565	0.436	0.564	0.479
-0.651	Zfp78	0	0.356	0.775	0.167	120.0	19621.0	0.561	4.338	0.021	1227.0	0.25	16.0	0.565	0.436	0.564	0.479
-0.776	Zfp738	0	0.254	0.59	0.066	30.0	45676.0	2.003	2.493	0.017	82.0	0.08	13.0	0.609	0.391	0.609	0.401
-0.515	Zfp729a	0	0.327	0.0	0.0	110.0	22.0	2.891	1.898	0.04	129.0	0.28	14.0	0.598	0.406	0.594	0.425
-4.97	Zfp708	0	0.0	0.0	0.0	143.0	36806.0	0.608	1.809	0.074	578.0	0.12	13.0	0.598	0.405	0.595	0.406
2.429	Zfp445	0	0.294	0.399	0.047	217.0	18458.0	0.129	2.601	0.017	151.0	0.46	18.0	0.574	0.421	0.579	0.42
-4.97	Zfp433	0	0.599	0.647	0.0	74.0	55766.0	0.215	1.829	0.025	875.0	0.25	21.0	0.584	0.422	0.578	0.443
-2.767	Zfp286	0	0.528	0.717	0.076	153.0	36322.0	0.284	2.218	0.012	1249.0	0.65	35.0	0.579	0.419	0.581	0.46
1.936	Zfp189	0	0.33	0.521	0.104	218.0	82.0	0.367	2.301	0.098	1097.0	0.98	12.0	0.588	0.402	0.598	0.457
-5.847	Zdhhc11	0	0.996	0.0	0.0	71.0	26040.0	0.242	1.996	0.011	42.0	0.11	18.0	0.55	0.449	0.551	0.474
2.531	Zc2hc1a	0	0.356	0.585	0.069	30.0	136813.0	0.595	3.171	0.01	160.0	1.41	32.0	0.619	0.381	0.619	0.448
-5.643	Wfdc8	0	0.0	0.0	0.0	405.0	105.0	0.154	1.838	0.051	2112.0	0.07	21.0	0.523	0.475	0.525	0.498
-9.056	Wfdc5	0	0.929	0.421	0.0	90.0	11629.0	0.331	2.838	0.064	93.0	0.36	7.0	0.492	0.514	0.486	0.521
-7.99	Wfdc5	0	0.929	0.421	0.0	90.0	11629.0	0.331	2.838	0.064	93.0	0.36	7.0	0.492	0.514	0.486	0.521
-5.873	Wfdc11	0	0.0	0.0	0.0	228.0	17504.0	0.138	2.066	0.044	443.0	-0.02	10.0	0.553	0.446	0.554	0.424
5.57	Wdr12	0	0.381	0.513	0.116	362.0	54786.0	1.865	3.226	0.059	1353.0	2.05	20.0	0.604	0.391	0.609	0.45
4.766	Washc1	0	0.102	0.0	0.0	112.0	9985.0	0.389	1.963	0.068	214.0	1.21	20.0	0.474	0.506	0.494	0.48
4.422	Vcpkmt	0	0.215	0.0	0.0	125.0	210961.0	0.231	2.013	0.147	51.0	1.46	11.0	0.562	0.417	0.583	0.424
0.784	Utp25	0	0.0	0.0	0.0	123.0	94497.0	1.21	2.364	0.021	45.0	1.16	33.0	0.537	0.456	0.544	0.457
4.128	Utp23	0	0.281	0.424	0.099	95.0	11905.0	0.527	1.926	0.108	86.0	1.1	8.0	0.566	0.423	0.577	0.434
-9.831	Usp17la	0	0.993	0.172	0.0	180.0	14405.0	0.54	3.196	0.12	105.0	-0.28	4.5	0.547	0.434	0.566	0.403
-5.847	Upk3b	0	0.846	0.562	0.0	307.0	43696.0	0.778	1.89	0.084	419.0	0.54	12.0	0.476	0.511	0.489	0.507
-5.847	Ugt2a2	0	0.0	0.0	0.0	52.0	58055.0	1.345	2.799	0.094	24.0	1.13	10.0	0.636	0.36	0.64	0.328
-2.71	Tsga10ip	0	0.975	0.0	0.0	0.0	13823.0	0.253	3.559	0.026	138.0	0.53	14.0	0.51	0.477	0.523	0.481
1.584	Trpc4ap	0	0.21	0.225	0.283	79.0	81173.0	0.559	3.018	0.012	93.0	2.39	59.0	0.55	0.445	0.555	0.484
2.535	Trmt12	0	0.244	0.321	0.04	82.0	49143.0	0.646	1.824	0.068	57.0	0.2	11.0	0.545	0.0	0.0	0.454
3.479	Trmt10b	0	0.254	0.471	0.045	99.0	112221.0	0.301	2.025	0.026	55.0	1.11	25.0	0.552	0.447	0.553	0.442
8.518	Trir	0	0.0	0.0	0.0	77.0	1541.0	0.076	2.135	0.151	70.0	1.71	9.0	0.472	0.504	0.496	0.516
1.197	Trip4	0	0.151	0.368	0.046	965.0	18558.0	1.354	2.907	0.016	1670.0	1.22	49.0	0.587	0.412	0.588	0.458
3.51	Toe1	0	0.176	0.423	0.084	30.0	86580.0	0.185	2.121	0.088	54.0	1.16	17.0	0.531	0.463	0.537	0.499
1.76	Tmem168	0	0.256	0.355	0.091	395.0	383135.0	2.769	3.911	0.108	758.0	1.49	25.0	0.609	0.389	0.611	0.466
0.854	Tmem151a	0	0.78	0.764	0.113	116.0	17410.0	0.086	3.348	0.037	39.0	0.26	28.0	0.481	0.514	0.486	0.533
5.935	Timm22	0	0.223	0.291	0.112	63.0	8002.0	0.393	3.281	0.093	119.0	1.82	12.0	0.534	0.453	0.547	0.474
6.549	Thoc3	0	0.233	0.352	0.147	43.0	97501.0	0.405	2.907	0.057	27.0	2.59	13.0	0.538	0.443	0.557	0.481
3.569	Thap12	0	0.298	0.0	0.0	288.0	46323.0	0.707	3.313	0.044	157.0	1.96	22.0	0.585	0.399	0.601	0.5
3.74	Tedc2	0	0.0	0.0	0.0	51.0	11259.0	0.302	2.023	0.077	105.0	0.2	11.0	0.488	0.502	0.498	0.509
-5.847	Tcp11x2	0	0.987	0.0	0.0	71.0	66085.0	0.339	2.788	0.014	90.0	0.45	8.0	0.553	0.448	0.552	0.394
5.664	Tcim	0	0.0	0.0	0.0	89.0	769327.0	0.268	2.832	0.194	55.0	0.32	2.0	0.567	0.0	0.0	0.425
8.094	Tbcc	0	0.205	0.382	0.116	7.0	59270.0	0.088	3.428	0.099	126.0	0.87	3.0	0.387	0.0	0.0	0.548
0.338	Tbc1d22b	0	0.235	0.266	0.166	155.0	146.0	0.865	2.069	0.047	98.0	2.68	73.0	0.502	0.495	0.505	0.493
1.26	Tasor	0	0.0	0.0	0.0	236.0	313935.0	1.927	4.421	0.021	203.0	1.63	33.0	0.636	0.359	0.641	0.481
-0.786	Tafa5	0	0.0	0.0	0.0	194.0	1329840.0	0.497	2.499	0.002	213.0	1.75	218.0	0.509	0.49	0.51	0.584
1.511	Stard5	0	0.262	0.46	0.122	42.0	47069.0	0.726	2.642	0.023	37.0	0.8	16.0	0.52	0.476	0.524	0.472
2.756	Stard3	0	0.17	0.294	0.055	194.0	9964.0	0.307	1.721	0.033	244.0	1.77	26.0	0.471	0.524	0.476	0.524
3.465	Srpr	0	0.288	0.237	0.164	0.0	3843.0	0.141	2.209	0.013	108.0	2.43	22.0	0.588	0.41	0.59	0.472
-7.99	Spata31	0	1.0	0.344	0.0	78.0	13450.0	0.477	3.082	0.072	98.0	-0.1	4.0	0.569	0.418	0.582	0.407
-1.035	Spag11b	0	0.95	0.278	0.0	40.0	17007.0	0.604	1.887	0.39	191.0	-0.05	7.5	0.562	0.43	0.57	0.433
-0.434	Snx13	0	0.331	0.38	0.068	212.0	62425.0	1.202	3.762	0.008	236.0	2.68	52.0	0.628	0.37	0.63	0.49
6.95	Snrpa1	0	0.271	0.441	0.097	0.0	15401.0	0.137	1.497	0.106	340.0	1.95	18.0	0.559	0.44	0.56	0.491
-4.742	Slfnl1	0	0.999	0.904	0.0	390.0	126924.0	0.197	1.809	0.055	481.0	0.56	4.0	0.462	0.506	0.494	0.522
-7.99	Slfn14	0	0.8	0.0	0.0	130.0	95397.0	0.484	2.566	0.046	120.0	0.48	13.0	0.558	0.432	0.568	0.426
3.164	Slc4a2	0	0.233	0.411	0.17	269.0	1701.0	0.582	2.799	0.028	666.0	1.97	30.0	0.457	0.525	0.475	0.583
1.24	Slc35e2	0	0.267	0.462	0.061	484.0	39038.0	2.303	3.194	0.032	819.0	1.63	25.0	0.545	0.454	0.546	0.48
3.006	Slc25a10	0	0.384	0.439	0.065	148.0	7227.0	0.236	1.576	0.102	98.0	1.79	19.0	0.441	0.541	0.459	0.532
6.038	Sf3a3	0	0.237	0.388	0.061	120.0	14056.0	0.191	2.938	0.024	35.0	2.84	19.0	0.529	0.468	0.532	0.481
2.447	Sdr42e1	0	0.543	0.659	0.117	118.0	175399.0	0.277	2.301	0.03	420.0	0.23	16.0	0.524	0.467	0.533	0.458
10.512	Scand1	0	0.195	0.314	0.044	302.0	449.0	0.335	2.949	1.26	224.0	0.06	6.5	0.32	0.707	0.293	0.498
0.184	S100a7a	0	0.767	0.56	0.0	112.0	40542.0	0.211	2.248	0.078	266.0	0.08	6.0	0.515	0.479	0.521	0.472
3.483	Rrnad1	0	0.189	0.304	0.131	0.0	10622.0	1.742	1.72	0.412	872.0	0.93	9.0	0.518	0.458	0.542	0.494
2.271	Rnf26	0	0.271	0.358	0.078	569.0	17.0	0.737	2.32	0.035	73.0	0.34	26.0	0.462	0.531	0.469	0.534
-1.852	Rnf225	0	0.455	0.0	0.0	64.0	5126.0	0.581	1.436	0.162	35.0	-0.02	11.0	0.478	0.464	0.536	0.534
-13.317	Rnf224	0	0.779	0.0	0.0	159.0	2423.0	0.287	2.003	0.154	133.0	0.1	3.5	0.463	0.546	0.454	0.528
3.766	Riok3	0	0.114	0.297	0.092	171.0	7272.0	0.679	1.905	0.019	102.0	2.34	32.0	0.563	0.437	0.563	0.452
-0.674	Ric1	0	0.305	0.0	0.0	242.0	111363.0	1.726	4.433	0.013	136.0	2.16	52.0	0.608	0.386	0.614	0.522
-0.312	Rec114	0	0.576	0.0	0.0	18.0	159268.0	0.167	2.126	0.006	21.0	0.68	82.0	0.561	0.438	0.562	0.45
2.313	Rbm12	0	0.0	0.0	0.0	277.0	13.0	14.735	2.98	0.658	1354.0	1.78	22.0	0.591	0.403	0.597	0.458
2.363	Ranbp3	0	0.168	0.217	0.157	33.0	45207.0	0.353	2.9	0.021	432.0	1.69	45.0	0.484	0.512	0.488	0.536
-0.212	Ralgapb	0	0.327	0.186	0.143	288.0	34210.0	1.503	2.834	0.007	891.0	2.47	57.0	0.601	0.392	0.608	0.493
-6.406	Rab39	0	0.605	0.826	0.222	118.0	36218.0	0.451	2.066	0.023	122.0	1.04	22.0	0.574	0.428	0.572	0.484
5.885	Ptrhd1	0	0.162	0.308	0.111	0.0	61.0	0.611	2.39	0.171	16.0	0.79	9.0	0.525	0.454	0.546	0.452
-0.661	Ptar1	0	0.408	0.58	0.107	32.0	34616.0	1.992	2.598	0.014	55.0	1.76	35.0	0.591	0.415	0.585	0.472
-4.97	Prss30	0	0.793	0.726	0.0	179.0	25292.0	0.175	2.181	0.071	914.0	0.04	9.0	0.506	0.482	0.518	0.466
-0.586	Prrg3	0	0.612	0.726	0.127	99.0	42035.0	1.001	1.797	0.043	364.0	0.89	11.0	0.531	0.462	0.538	0.524
-9.831	Prr27	0	1.0	0.0	0.0	220.0	17604.0	1.112	3.408	0.142	624.0	0.2	11.0	0.623	0.37	0.63	0.395
-1.796	Ppp6r2	0	0.389	0.266	0.08	411.0	15104.0	1.937	3.862	0.047	1616.0	1.33	65.0	0.546	0.45	0.55	0.521
2.719	Poglut2	0	0.0	0.0	0.0	310.0	16370.0	0.325	3.003	0.109	287.0	1.79	9.0	0.605	0.381	0.619	0.464
-0.199	Pigk	0	0.158	0.313	0.082	16.0	45759.0	0.547	3.157	0.002	187.0	1.77	308.0	0.547	0.452	0.548	0.473
-2.22	Phactr2	0	0.381	0.372	0.106	135.0	281244.0	1.188	3.655	0.003	1106.0	1.78	195.0	0.577	0.422	0.578	0.525
-7.99	Pcare	0	0.0	0.0	0.0	215.0	79634.0	0.756	1.951	0.048	76.0	0.12	18.0	0.48	0.482	0.518	0.511
-4.54	Oxgr1	0	0.974	0.416	0.0	527.0	904095.0	0.747	2.084	0.021	514.0	0.08	16.0	0.573	0.423	0.577	0.44
3.602	Osgepl1	0	0.237	0.439	0.103	260.0	16513.0	0.513	1.679	0.098	356.0	1.02	8.0	0.624	0.367	0.633	0.392
7.811	Nxt1	0	0.326	0.418	0.11	432.0	229037.0	0.118	1.926	0.095	868.0	0.21	6.0	0.53	0.441	0.559	0.473
-6.662	Nwd1	0	0.85	0.771	0.0	243.0	47482.0	1.617	1.826	0.007	430.0	0.61	41.0	0.523	0.471	0.529	0.487
-5.847	Nutm2	0	1.0	0.0	0.0	95.0	23394.0	0.358	1.929	0.042	57.0	-0.05	6.0	0.506	0.485	0.515	0.456
3.997	Nol11	0	0.221	0.454	0.128	125.0	57254.0	2.093	2.164	0.089	736.0	1.01	22.0	0.571	0.427	0.573	0.465
-2.747	Nobox	0	0.839	0.584	0.0	29.0	43973.0	0.252	1.841	0.08	103.0	0.32	5.0	0.508	0.476	0.524	0.496
2.327	Mtx3	0	0.283	0.391	0.082	0.0	49968.0	1.053	1.973	0.046	26.0	1.88	17.0	0.575	0.427	0.573	0.416
0.242	Mterf1b	0	0.496	0.0	0.0	79.0	87620.0	0.163	3.197	0.1	102.0	0.12	6.0	0.599	0.4	0.6	0.418
4.376	Mtarc2	0	0.0	0.0	0.0	65.0	34568.0	0.293	2.542	0.022	134.0	0.8	47.0	0.523	0.476	0.524	0.503
1.048	Msantd3	0	0.393	0.528	0.074	98.0	66475.0	0.28	3.57	0.021	512.0	1.04	38.0	0.529	0.468	0.532	0.521
6.004	Mrpl50	0	0.24	0.419	0.044	41.0	14536.0	0.334	2.327	0.11	45.0	0.13	11.0	0.593	0.401	0.599	0.452
-2.747	Mpig6b	0	0.0	0.0	0.0	15.0	797.0	0.387	2.405	0.317	37.0	0.43	9.0	0.472	0.551	0.449	0.537
1.831	Mfsd14b	0	0.265	0.0	0.0	359.0	60215.0	0.797	2.375	0.011	812.0	2.07	26.0	0.62	0.376	0.624	0.44
3.242	Mex3c	0	0.356	0.364	0.074	0.0	1221974.0	0.815	4.083	0.036	142.0	1.68	18.0	0.593	0.394	0.606	0.583
2.144	Metap1d	0	0.221	0.344	0.114	84.0	64318.0	0.231	1.993	0.005	1563.0	2.09	81.0	0.563	0.435	0.565	0.444
-0.156	Mcm10	0	0.473	0.704	0.105	532.0	36223.0	0.685	2.554	0.018	447.0	1.05	26.0	0.536	0.458	0.542	0.453
3.259	Manbal	0	0.175	0.223	0.126	105.0	20087.0	0.209	2.067	0.018	145.0	0.46	35.0	0.515	0.482	0.518	0.463
6.017	Mak16	0	0.251	0.464	0.077	86.0	18449.0	0.41	2.275	0.048	106.0	2.09	17.0	0.565	0.434	0.566	0.479
0.666	Lyrm1	0	0.282	0.592	0.127	31.0	115.0	1.76	2.329	0.018	1061.0	1.19	38.0	0.57	0.428	0.572	0.486
-0.787	Lyplal1	0	0.416	0.536	0.101	61.0	662463.0	0.289	2.081	0.025	122.0	1.1	30.0	0.59	0.408	0.592	0.457
3.102	Lsm14b	0	0.238	0.24	0.124	200.0	48340.0	0.443	2.041	0.029	927.0	1.52	26.0	0.485	0.511	0.489	0.57
4.836	Lrrc47	0	0.178	0.356	0.133	20.0	36537.0	0.878	2.127	0.055	2.0	1.29	25.0	0.448	0.534	0.466	0.548
1.086	Lpcat1	0	0.536	0.462	0.091	187.0	138654.0	2.49	2.767	0.042	278.0	1.69	53.0	0.517	0.48	0.52	0.52
0.821	Lonp2	0	0.219	0.367	0.087	141.0	43387.0	0.924	1.913	0.005	283.0	2.15	79.0	0.58	0.419	0.581	0.462
-4.144	Lmln	0	0.395	0.613	0.095	29.0	6068.0	1.005	2.005	0.006	4.0	1.83	79.0	0.557	0.438	0.562	0.5
2.264	Lmbr1l	0	0.341	0.442	0.168	311.0	19691.0	0.39	3.04	0.044	150.0	2.14	25.0	0.482	0.507	0.493	0.502
-4.156	Lexm	0	0.949	0.0	0.0	23.0	56204.0	0.221	3.132	0.023	31.0	0.49	34.0	0.525	0.471	0.529	0.518
-4.97	Klk15	0	0.967	0.177	0.0	32.0	52580.0	0.079	1.77	0.091	121.0	0.56	11.0	0.495	0.493	0.507	0.519
2.769	Klhl26	0	0.31	0.44	0.08	46.0	37371.0	0.616	2.323	0.014	238.0	1.01	34.0	0.472	0.521	0.479	0.541
1.976	Khnyn	0	0.234	0.303	0.141	145.0	624.0	1.194	1.978	0.056	90.0	1.05	20.0	0.509	0.46	0.54	0.581
-4.222	Kdm5d	0	0.801	0.301	0.0	129.0	79125.0	1.011	2.84	0.006	174.0	0.95	39.0	0.613	0.378	0.622	0.386
7.77	Jchain	0	0.744	0.0	0.0	113.0	39910.0	0.201	2.555	0.062	171.0	0.87	4.0	0.631	0.363	0.637	0.375
8.355	Ifi27	0	0.366	0.0	0.0	175.0	8392.0	0.181	2.6	0.074	1728.0	0.07	4.0	0.511	0.483	0.517	0.454
1.107	Hrob	0	0.47	0.684	0.128	209.0	18715.0	1.021	3.064	0.135	282.0	0.83	26.0	0.49	0.5	0.5	0.477
1.535	Hrct1	0	0.684	0.692	0.166	175.0	16932.0	0.142	2.705	0.128	366.0	0.0	4.0	0.44	0.0	0.0	0.539
-1.529	Hoatz	0	0.981	0.471	0.0	109.0	25012.0	0.346	2.89	0.098	197.0	0.57	16.0	0.596	0.403	0.597	0.495
4.155	Hikeshi	0	0.256	0.0	0.0	207.0	37575.0	0.484	1.961	0.027	2109.0	1.56	19.0	0.597	0.402	0.598	0.446
-2.747	Henmt1	0	0.915	0.839	0.0	474.0	28356.0	0.303	2.346	0.033	689.0	0.43	27.0	0.564	0.429	0.571	0.491
2.609	Helb	0	0.324	0.421	0.118	126.0	659158.0	1.08	2.983	0.015	45.0	0.66	54.0	0.543	0.451	0.549	0.47
-13.317	Gucy1b2	0	0.934	0.306	0.0	92.0	163242.0	0.408	2.497	0.01	154.0	1.13	43.0	0.551	0.447	0.553	0.461
-7.99	Gsdmc	0	0.989	0.32	0.0	291.0	1823369.0	0.274	2.681	0.009	210.0	-0.03	25.0	0.584	0.415	0.585	0.423
4.69	Grpel2	0	0.278	0.23	0.071	25.0	18688.0	0.517	3.367	0.038	19.0	1.01	17.0	0.547	0.45	0.55	0.465
-0.857	Gpr15lg	0	0.791	0.735	0.0	0.0	15675.0	0.098	2.041	0.031	103.0	-0.04	7.0	0.543	0.455	0.545	0.458
2.447	Gpalpp1	0	0.174	0.0	0.0	57.0	99895.0	0.821	1.917	0.039	98.0	1.14	22.0	0.579	0.419	0.581	0.45
-14.069	Gm6268	0	1.0	0.075	0.0	322.0	72927.0	0.156	1.892	0.124	0.0	-0.04	5.0	0.567	0.394	0.606	0.429
-10.002	Gm5591	0	0.997	0.127	0.0	133.0	256770.0	0.568	2.703	0.04	42.0	0.03	4.0	0.581	0.399	0.601	0.407
0.0	Gm11437	0	0.997	0.467	0.0	93.0	37876.0	0.232	2.854	0.029	180.0	0.4	15.0	0.56	0.438	0.562	0.421
4.581	Glt8d1	0	0.274	0.423	0.062	69.0	50023.0	0.241	2.266	0.077	936.0	1.3	14.0	0.55	0.452	0.548	0.488
-4.97	Gimap8	0	0.71	0.677	0.079	76.0	20597.0	0.556	2.087	0.036	276.0	-0.02	10.0	0.572	0.432	0.568	0.483
-2.021	Gfod1	0	0.416	0.693	0.105	676.0	132671.0	1.28	2.247	0.005	297.0	0.32	139.0	0.525	0.472	0.528	0.564
1.871	Gdpgp1	0	0.347	0.364	0.125	352.0	51.0	0.778	1.905	0.105	203.0	0.13	12.0	0.534	0.438	0.562	0.494
-0.78	Garem2	0	0.878	0.0	0.0	132.0	31579.0	0.449	2.57	0.08	45.0	1.55	37.0	0.447	0.525	0.475	0.55
2.264	Flad1	0	0.22	0.227	0.156	225.0	9077.0	0.665	2.048	0.033	401.0	1.2	13.0	0.504	0.483	0.517	0.458
4.62	Fdxacb1	0	0.123	0.323	0.083	49.0	15881.0	1.02	1.615	0.259	66.0	0.98	7.0	0.558	0.414	0.586	0.455
1.713	Fbxo33	0	0.378	0.4	0.129	247.0	123926.0	0.794	3.153	0.034	0.0	1.94	22.0	0.593	0.393	0.607	0.515
5.311	Fbxl6	0	0.181	0.376	0.126	0.0	3380.0	0.242	1.429	0.276	51.0	0.78	12.0	0.414	0.562	0.438	0.592
-5.381	Fancd2os	0	0.988	0.0	0.0	199.0	69034.0	0.202	1.886	0.091	213.0	0.49	6.0	0.547	0.442	0.558	0.462
-0.047	Fam90a1b	0	0.0	0.0	0.0	775.0	2207.0	0.675	3.33	0.126	1234.0	0.45	14.0	0.594	0.389	0.611	0.475
-4.432	Fam24a	0	1.0	0.0	0.0	168.0	4347.0	0.248	2.174	0.467	17.0	0.09	3.0	0.551	0.465	0.535	0.43
-3.788	Fam222a	0	0.604	0.669	0.099	456.0	123722.0	0.435	4.34	0.012	114.0	0.69	94.0	0.46	0.534	0.466	0.574
3.901	Fam207a	0	0.21	0.232	0.133	46.0	97515.0	0.71	3.827	0.013	65.0	0.36	37.0	0.491	0.504	0.496	0.536
-2.747	Fam205a4	0	0.0	0.0	0.0	63.0	24459.0	0.536	1.834	0.082	923.0	0.25	8.0	0.513	0.439	0.561	0.436
6.838	Fam122a	0	0.203	0.225	0.112	0.0	196751.0	0.289	2.089	1.436	113.0	1.96	4.0	0.406	0.0	0.0	0.485
-0.123	Fam120a	0	0.402	0.163	0.222	190.0	96898.0	1.023	3.925	0.008	29.0	2.63	69.0	0.561	0.435	0.565	0.558
-5.618	Exph5	0	0.748	0.784	0.142	64.0	53616.0	0.672	1.889	0.008	36.0	0.73	55.0	0.57	0.426	0.574	0.449
1.34	Efcc1	0	0.57	0.643	0.084	0.0	8091.0	0.35	3.12	0.014	258.0	0.7	40.0	0.494	0.494	0.506	0.537
3.993	Eef2kmt	0	0.192	0.0	0.0	48.0	22363.0	0.429	1.688	0.032	34.0	0.73	22.0	0.484	0.51	0.49	0.509
5.785	Dxo	0	0.168	0.0	0.0	231.0	73.0	0.163	2.297	0.429	670.0	1.07	7.0	0.4	0.602	0.398	0.566
-6.083	Dnajb8	0	1.0	0.505	0.0	0.0	28994.0	0.094	1.711	0.013	346.0	0.4	28.0	0.464	0.535	0.465	0.549
-0.123	Defb19	0	0.963	0.344	0.0	66.0	7569.0	0.059	3.124	0.088	215.0	0.29	4.0	0.52	0.476	0.524	0.485
-4.97	Defb13	0	0.0	0.0	0.0	30.0	8410.0	0.096	2.48	0.216	224.0	0.12	4.0	0.549	0.443	0.557	0.437
2.118	Dcp2	0	0.199	0.564	0.102	108.0	46453.0	1.532	2.425	0.012	131.0	2.07	46.0	0.565	0.437	0.563	0.466
-10.002	Dcaf8l	0	0.984	0.093	0.0	1521.0	1294044.0	2.817	3.813	0.432	1964.0	0.23	7.0	0.582	0.407	0.593	0.38
0.609	Dcaf10	0	0.274	0.325	0.113	68.0	44974.0	1.487	2.648	0.035	57.0	2.0	31.0	0.603	0.386	0.614	0.492
-0.455	Crybg3	0	0.431	0.568	0.055	87.0	129205.0	1.371	3.43	0.005	44.0	1.34	121.0	0.57	0.426	0.574	0.49
-0.119	Crebrf	0	0.346	0.426	0.1	313.0	52419.0	1.377	4.324	0.021	297.0	2.35	42.0	0.599	0.402	0.598	0.51
6.075	Cmtm3	0	0.341	0.47	0.09	156.0	18364.0	0.302	2.274	0.074	625.0	1.02	12.0	0.472	0.527	0.473	0.551
3.593	Chpf2	0	0.287	0.356	0.077	1298.0	9273.0	0.78	2.394	0.041	1780.0	1.0	13.0	0.433	0.528	0.472	0.514
0.324	Cfap91	0	0.826	0.868	0.0	367.0	47319.0	0.35	2.927	0.011	0.0	1.07	64.0	0.555	0.44	0.56	0.442
-1.069	Cfap45	0	0.852	0.0	0.0	136.0	20997.0	0.268	2.608	0.016	54.0	1.13	38.0	0.515	0.48	0.52	0.488
3.697	Cfap36	0	0.523	0.0	0.0	281.0	74520.0	0.431	2.308	0.019	248.0	1.37	12.0	0.614	0.382	0.618	0.474
5.3	Cfap20	0	0.228	0.0	0.0	299.0	82602.0	0.215	2.585	0.033	363.0	2.41	22.0	0.534	0.461	0.539	0.472
-1.594	Cfap157	0	0.932	0.0	0.0	42.0	8643.0	0.338	1.64	0.083	16.0	0.57	11.0	0.485	0.507	0.493	0.488
-1.775	Cep192	0	0.294	0.579	0.143	258.0	25231.0	1.259	2.309	0.006	94.0	0.81	57.0	0.592	0.404	0.596	0.465
-1.039	Ceacam20	0	0.976	0.464	0.0	77.0	14655.0	0.61	2.115	0.021	89.0	0.05	22.0	0.546	0.447	0.553	0.488
-4.97	Ceacam2	0	0.934	0.889	0.37	94.0	62254.0	2.625	1.795	0.05	2034.0	0.05	19.0	0.558	0.437	0.563	0.494
-1.712	Cdin1	0	0.242	0.49	0.151	170.0	926751.0	0.491	2.647	0.003	458.0	2.24	124.0	0.594	0.405	0.595	0.41
-9.452	Cdh7	0	0.881	0.266	0.0	788.0	2392704.0	1.125	3.578	0.007	1611.0	1.95	62.0	0.65	0.348	0.652	0.46
-2.518	Ccdc73	0	0.405	0.829	0.235	192.0	36447.0	0.675	2.489	0.004	309.0	1.28	60.0	0.619	0.381	0.619	0.401
-6.81	Ccdc185	0	1.0	0.0	0.0	59.0	184169.0	0.327	2.018	0.186	90.0	0.18	8.0	0.414	0.0	0.0	0.53
-10.002	Ccdc178	0	0.991	0.222	0.0	311.0	516724.0	0.503	2.663	0.001	103.0	0.35	195.0	0.617	0.383	0.617	0.414
-0.849	Carf	0	0.294	0.599	0.081	390.0	338.0	0.358	3.183	0.03	191.0	1.28	36.0	0.606	0.391	0.609	0.447
-2.747	Calhm3	0	0.0	0.0	0.0	0.0	13510.0	0.121	4.912	0.094	0.0	1.16	6.0	0.503	0.479	0.521	0.494
1.937	Cables2	0	0.243	0.248	0.152	42.0	16120.0	0.41	1.925	0.028	3.0	1.54	25.0	0.471	0.526	0.474	0.569
-7.236	Brinp3	0	0.832	0.0	0.0	1370.0	1719324.0	0.747	3.168	0.001	492.0	2.53	196.0	0.652	0.347	0.653	0.399
-2.747	Bend3	0	0.285	0.594	0.188	555.0	257231.0	1.163	4.146	0.02	84.0	1.09	64.0	0.513	0.476	0.524	0.568
6.362	Atg101	0	0.172	0.0	0.0	342.0	30003.0	0.176	1.886	0.052	386.0	0.93	9.0	0.501	0.48	0.52	0.496
1.727	Aspg	0	0.881	0.684	0.105	214.0	125361.0	0.448	1.735	0.017	127.0	0.74	30.0	0.432	0.566	0.434	0.544
-8.386	Armh1	0	0.0	0.0	0.0	332.0	69278.0	0.275	2.172	0.036	316.0	0.9	41.0	0.527	0.47	0.53	0.501
2.619	Arl10	0	0.302	0.388	0.164	81.0	9579.0	0.093	1.853	0.049	74.0	1.01	15.0	0.475	0.507	0.493	0.525
-7.407	Apol6	0	0.779	0.713	0.0	189.0	96527.0	0.46	3.139	0.163	435.0	-0.09	13.0	0.496	0.495	0.505	0.502
-3.384	Adgrg6	0	0.637	0.0	0.0	122.0	578658.0	1.064	3.181	0.003	810.0	1.31	94.0	0.609	0.389	0.611	0.484
-0.658	Adgrf4	0	0.765	0.0	0.0	244.0	80889.0	0.442	3.407	0.02	660.0	0.59	33.0	0.578	0.418	0.582	0.443
-7.311	Adgrb3	0	0.87	0.0	0.0	263.0	1150782.0	0.964	3.113	0.001	882.0	2.92	456.0	0.624	0.375	0.625	0.49
-2.747	Actrt2	0	1.0	0.368	0.0	191.0	31001.0	0.228	2.336	0.208	158.0	0.71	4.0	0.437	0.0	0.0	0.527
-2.234	A830018L16Rik	0	0.707	0.776	0.0	465.0	420640.0	0.501	2.617	0.001	2722.0	1.71	312.0	0.614	0.386	0.614	0.461
2.27	9130023H24Rik	0	0.236	0.46	0.072	613.0	675.0	0.565	1.582	0.291	453.0	0.06	10.0	0.51	0.0	0.0	0.531
2.999	5730455P16Rik	0	0.218	0.49	0.073	54.0	77123.0	0.937	2.551	0.023	56.0	1.37	17.0	0.563	0.441	0.559	0.468
-4.97	4930523C07Rik	0	0.529	0.523	0.056	608.0	520615.0	0.885	1.986	0.012	709.0	0.13	26.0	0.555	0.441	0.559	0.487
4.565	4833420G17Rik	0	0.193	0.284	0.079	447.0	33846.0	0.348	1.96	0.015	1974.0	1.04	32.0	0.588	0.406	0.594	0.435
-1.229	2610028H24Rik	0	0.968	0.0	0.0	179.0	6294.0	0.409	2.829	0.03	352.0	0.38	13.0	0.51	0.479	0.521	0.504
1.521	2510009E07Rik	0	0.5	0.455	0.074	261.0	271548.0	0.852	2.843	0.013	282.0	0.32	45.0	0.563	0.432	0.568	0.513
2.281	2310022A10Rik	0	0.187	0.393	0.126	199.0	14.0	0.457	1.741	0.04	506.0	1.38	32.0	0.505	0.487	0.513	0.485
