no_of_parent_edges	no_of_children_edges	Exp_parent_mean	CIG_distance_parent_mean	Exp_parent_median	Exp_child_mean	Exp_child_CV	EXP	CIG_distance	label
137.0	11.0	0.4688342585024074	1.8587695870676937	2.693890867333568	4.408650303585529	0.8151114781911419	7.6687183	1.128833035627268	1
211.0	2808.0	3.375316694017915	2.245885113716571	4.053344924127912	3.540508742458552	0.9755163261993748	5.126775	4.918069247744646	1
218.0	2706.0	2.517493375337123	2.4540298805870315	3.5696635925256945	2.004555640412944	2.1940243378193376	6.1477413	5.764056936563183	1
195.0	2315.0	2.236777738162603	2.1086883337061337	3.5442024607232523	2.218985656510649	1.9979025581059893	7.584744	4.925670826431673	1
253.0	2124.0	2.2779143969232325	1.7833236376739623	3.4203004303492768	2.1294165809554366	1.9471892539991351	5.5881057	1.407592887973797	1
143.0	1040.0	1.193078709125169	2.330197870452082	2.8353695524974696	2.972637304894804	1.3121736152821526	2.2267613	10.212884566710962	1
204.0	3410.0	1.942516047740757	1.9179412850056337	3.138760058329349	2.5407716372524267	1.72978902076492	1.8893478	2.9330868001206984	1
236.0	2958.0	0.6885346057073379	1.930121633146579	2.5592008407353344	2.6641867648230813	1.709302051719734	4.2676625	2.5449473886419853	1
119.0	1231.0	2.3495806981004064	2.4247644057699462	3.714731667340208	2.8764265834554483	1.4168679547142402	2.6290138	9.647259847466676	1
172.0	2001.0	0.8957267482870275	2.285709057303099	2.487472533021763	2.2294200208403314	2.042164273985712	7.40905	9.169197833666692	1
214.0	2237.0	1.1198667868681147	1.6812649701021007	3.037347269114633	2.258193995310132	2.112891871046464	4.641708	4.4666502765107525	1
222.0	2947.0	1.5096011663988051	1.3365017642469152	3.0807299638519896	1.6990810643543173	2.694644479537016	3.966604	3.8221419538246297	1
129.0	3684.0	-0.2625948478106772	1.5597446869757223	1.826068095246615	3.3116833831835115	1.271317063161458	8.762436	2.5578368311452016	1
51.0	527.0	0.0	1.1822826109557925	-2.687248348639733	0.0	0.0	-5.0390854	1.890421842320828	1
23.0	3048.0	2.167514400632957	2.0635033717650484	3.385440184528967	0.0	0.0	6.4095845	7.20175708133029	1
372.0	5862.0	0.0	1.110362586373781	1.5027202309957546	0.0	0.0	2.3564136	2.9545129617702206	1
225.0	5476.0	0.0	1.1997449990174285	2.300030992745894	0.0	0.0	6.230581	4.913169061961102	1
13.0	565.0	5.234852523573561	3.567368875208705	5.434781406692859	0.0	0.0	6.222244	1.900202338215762	1
89.0	1845.0	0.0	2.309682471439718	2.945630393467629	0.0	0.0	11.346838	4.743994356242295	1
400.0	3040.0	0.0	2.2804906859007628	2.1832884262869987	0.0	0.0	10.15284	11.213074253060157	1
177.0	1360.0	0.0	1.1625582941806083	-0.5147164080601108	0.0	0.0	-3.5991826	2.231723445361239	1
219.0	2401.0	0.0840748559987276	2.233132502074755	1.6858133790427925	3.9174596975538014	0.8911953107599864	1.6506201	5.570346372069799	1
372.0	5862.0	1.1266289471261008	1.9366641305405723	2.2085597398382584	2.5507741362629592	1.614673437473521	5.655762	5.215521344764052	1
209.0	6634.0	0.4446784823051472	2.2443036348838774	1.9592475029191607	2.5398072557679856	1.5669994878092612	6.651756	7.148658997829672	1
116.0	782.0	0.6967803698788363	2.445309022308057	2.38016989098876	2.2743072562329414	1.9356484678929733	3.5040665	9.519804909415734	1
35.0	0.0	0.2066137802387821	2.334842176632693	0.7873474913779468	0.0	0.0	2.9038503	3.972390195080684	1
39.0	430.0	4.258882495881129	4.434237072649615	4.309979182285091	3.846923596024992	0.8843443480280326	11.270733	8.878570438009252	1
72.0	1230.0	2.3489677325915284	3.770232174283581	2.4353844563285074	2.495676919709494	1.55174129262893	7.646191	10.315035098023245	1
95.0	1156.0	2.622531860819231	3.2058367811168047	3.807063558691093	3.0270112980086203	1.1778694208799414	9.091348	7.385431112951195	1
94.0	2661.0	2.132353613400964	3.004316257827265	2.547636644957725	2.910889150042785	1.2610721616191984	9.553542	4.757184177762031	1
126.0	693.0	1.5458517105721366	3.3184740866421736	2.4333270526838886	2.045884485690157	1.9511446600329168	7.070426	7.099119976855915	1
142.0	3052.0	1.9317460304257048	2.332825262536586	2.6633715913081533	2.708185160042615	1.2996820385200114	3.7639787	3.1835138177962894	1
194.0	2790.0	2.250267858712121	2.105174610082504	3.321938896609676	3.811410521408456	0.9333479193477444	7.496133	4.530145590279114	1
194.0	3130.0	2.103236829725747	2.436036743429269	3.3448209912209483	2.0915329008472225	1.990033619448903	5.65159	4.873146530830804	1
107.0	2278.0	2.1408825469267176	2.629928671805737	3.198818454680363	2.1267734139382104	1.9271175320115228	6.2644987	1.886986807270931	1
196.0	2.0	1.5234319886854872	2.157163318866154	2.5328577783329966	3.617966308794565	0.047830298915144	5.702418	3.681123979211695	1
214.0	3020.0	3.39290494984158	3.87610364324607	3.9390687177070816	3.34128935523338	1.0993833563744144	9.273793	11.419048953905554	1
194.0	1175.0	0.5438292336659036	2.324360240252646	1.2802352907538683	2.45535873966185	1.6811507945268642	10.56912	6.857068372381164	1
35.0	141.0	5.661623395648243	4.639610080562261	6.1822028389105474	1.8876230728285373	2.507504637978583	9.743043	5.4372656288597945	1
190.0	4.0	2.3408763325028548	1.4576801758401434	3.26431692318731	3.077383082339968	0.4614554571569464	6.255878	6.8652708155475	1
206.0	752.0	2.239325245315433	2.8117002250506262	3.008157630228918	2.4827784016791044	1.5211654062617137	6.301703	9.825709901425077	1
40.0	101.0	2.183128499555885	3.683938816653898	3.482587044610796	3.577063265269845	1.3295861633289032	8.957994	8.229095319065294	1
400.0	3040.0	1.856175652091232	3.1255003926468024	2.5232834503814843	1.9523022316466008	1.9112637648335928	10.942596	11.387435185146211	1
217.0	3324.0	0.950117701614206	2.5486289676708536	2.2038587941025023	2.474452797834998	1.5951074508118115	2.777244	5.647334066313644	1
88.0	928.0	0.4661353462772883	2.500163498777217	1.6723862149366755	2.874725730026775	1.3030977211353885	4.3358173	2.787825461022855	1
214.0	3020.0	1.2742274300459038	2.8277163479683427	2.110850279196311	3.2502392288969264	1.1961803473534836	8.780801	11.082471733881674	1
76.0	3709.0	2.1049157688590827	2.93398867507819	2.838939059399937	2.6586242956262693	1.318062278056988	7.6374273	10.646313237203124	1
31.0	36.0	2.216746182365465	2.753223849907936	2.3150297063384184	3.651052587042188	1.0493226711826091	10.139715	8.041880566905773	1
83.0	131.0	3.067457172881546	2.043891784910064	3.620166461181959	4.802043440301007	0.7473175136952981	2.9304557	0.2486121026307718	1
54.0	0.0	1.6214481395888318	1.817026929414869	2.8680644997013056	0.0	0.0	5.968876	1.7422385602925758	0
5.0	275.0	-7.012752526382025	0.0172268106498973	-5.569690525823993	0.4861398100962804	11.580302885820572	-5.913917	-2.865499726024373	0
95.0	0.0	2.2631285624389728	-1.4407356417333828	2.404650798634	0.0	0.0	2.2343318	-3.5610661228608804	0
109.0	26.0	2.4661470933002025	0.4607310668495237	3.372641091276377	3.0373794923595585	0.5328419843297288	4.490183	-1.408453564736765	0
22.0	10.0	3.544588317533373	1.0776245109371267	4.365956012221565	4.260977349496844	0.5529895160118197	6.6386194	-2.00920658015962	0
85.0	0.0	1.370903985288768	-0.7620396739117977	2.2590701009658702	0.0	0.0	-0.62257093	-1.9039883490127167	0
131.0	120.0	1.958930166133772	0.2789879460184921	3.2199040945890327	2.721780553612595	1.1022083481368818	2.5476463	-0.8509862063058752	0
32.0	0.0	3.2834890152723784	1.9836618409755	4.081268573820882	0.0	0.0	2.9684203	-1.6645592653304675	0
16.0	16.0	0.0	0.6658353464500961	2.812003533238495	3.1938432043976137	0.5416994048543615	3.486785	-0.5414166667601357	0
8.0	0.0	3.999199998447271	2.381200122957332	3.742114850060597	0.0	0.0	-1.9453197	-5.79672166917674	0
78.0	86.0	0.0	-0.3766115837622648	2.844386958142712	0.0	0.0	3.0271473	-3.560706883303401	0
105.0	43.0	3.714854593536583	0.2715020185030929	4.182725820027354	4.700589579876657	0.4331028538530305	5.2646093	-2.5731712046575823	0
195.0	72.0	1.691543312290727	-1.363128877279579	2.846244257853602	2.521551610634265	1.1834058038203272	0.22057682	-2.8111449837612974	0
5.0	0.0	-7.865144668614496	2.198403294263911	-11.111586112634924	0.0	0.0	-8.030065	0.0	0
37.0	24.0	1.7333114941061647	-1.7564988974174036	2.426802694462973	1.1279717629115138	2.044683164821892	-0.7356868	-5.980182054169746	0
74.0	51.0	3.398081419224987	-0.593938563241091	3.661248412371862	3.2769047066598125	0.4993844708061428	1.3567797	-2.9496583145363986	0
4.0	0.0	3.732746698960905	2.215671518333251	6.061121598401592	0.0	0.0	2.472555	-0.5808848680842327	0
133.0	139.0	2.209901181414617	0.1620316922079727	2.713274931136488	2.4480209171706755	0.7763300679920923	2.5017729	-2.043253586170468	0
102.0	115.0	1.867269141247779	-0.327644520528739	2.253233202196252	1.2997648860028743	2.211351405238247	2.5447164	-2.191223244420818	0
61.0	21.0	1.5609250264943966	-1.3141927817880044	2.5647780166834733	2.638029458009274	0.4367053199560864	1.0063999	-1.1414222190005812	0
193.0	105.0	1.8596223795541973	-1.193722944876944	2.426802694462973	2.216830730916613	1.2139974771202136	1.8953384	-4.351140147184692	0
147.0	94.0	0.0	0.2464337658563862	3.372296625682465	3.721928225598149	0.3354074866749258	4.569319340150104	-2.60678101984992	0
61.0	11.0	0.0	2.0029361135424635	1.3824210979281746	-2.635385975655176	-1.0717643851623182	-6.315463232441689	1.8028668288461185	0
176.0	1.0	0.0	2.005851931411878	1.1904003406234218	1.7633035927963658	0.0	1.0957105945431709	1.4202241546772154	0
60.0	575.0	0.0	2.2896596690213404	0.7841876989362101	0.0	0.0	-3.284459140286172	-0.2723160378933008	0
49.0	0.0	0.0	1.7611958820505091	-0.6277881705211582	0.0	0.0	-1.458845798348099	-5.355077716946267	0
178.0	17.0	0.0	1.9061299448062727	2.2551064528497005	1.846841580715169	1.1275010254370177	-0.6885253892583318	6.6354775883272055	0
208.0	6.0	0.0	1.4543163858794026	2.8464433224180268	0.4463340044915938	9.056942589832143	5.336395374929055	-2.507335768432464	0
66.0	41.0	3.0260011236850275	0.7853930533464888	3.2670873165660668	3.281141520491284	0.3579326552444635	5.5611173588890015	0.0598211525966349	0
225.0	884.0	0.0	1.8375862898773976	1.9599340366237783	0.0	0.0	1.9728876701464264	3.0687686572857107	0
68.0	592.0	0.0	1.6586675825947998	0.1562181820574876	0.0	0.0	0.0	1.4145171614617331	0
21.0	415.0	0.4366410042379359	2.6446071709258554	0.7779070144910142	0.0	0.0	-4.681381056048746	4.716677089727831	0
11.0	15.0	1.596309645224144	-1.5019182084320593	2.2445710051077947	1.859514000533988	1.0128779183596417	2.3936316264356763	-2.229559978863299	0
127.0	211.0	0.0	2.061092535693849	1.9812169994480835	0.0	0.0	3.163457949552166	2.135152717899702	0
76.0	1954.0	0.0	2.411951671479793	1.9012624080556824	0.0	0.0	0.4560072501696789	1.3174985370225465	0
57.0	96.0	0.0	-1.012931841283851	2.324397419294208	1.9156789439621391	1.3931438421636393	0.4601425452517709	-4.272827313131424	0
39.0	2125.0	0.0	1.9773020804317007	-0.2241522537021891	0.0	0.0	-6.512335898421165	1.0982734488154242	0
120.0	871.0	0.0	1.6758401700933263	2.7935101069157744	0.0	0.0	3.240035370944061	-0.3080634202814999	0
159.0	9257.0	0.0	1.4200298594262062	3.5214721709852057	0.0	0.0	8.335728968489738	1.8139904823923287	0
5.0	275.0	-3.2294142776046284	1.4758707675117029	-6.174661358135561	0.0	0.0	-8.958924818226176	-0.8377147352632118	0
64.0	746.0	-0.2751972625099568	1.9320214159367863	0.1568361202868138	0.0	0.0	-2.994950001613057	2.5910991454692325	0
125.0	978.0	0.0	2.0951038943312392	0.3710694893959548	0.0	0.0	-0.8211226040957451	2.786170186843761	0
105.0	2015.0	0.0	1.7208167010300728	-2.232450335386192	0.0	0.0	-6.011441353013043	1.7829316857408166	0
144.0	75.0	0.0	0.9712451252640324	2.6906696730012207	0.0	0.0	3.188521509915394	1.6960187438094358	0
95.0	1.0	1.901260307527972	1.9811881053620792	2.796550641084468	2.524418628649792	0.0	6.509125961996345	0.1058445209621934	0
81.0	33.0	2.107610428343289	-1.218236865481353	2.495150843231829	1.7742925626888455	1.7867255938497053	1.7591982786923936	-4.985711518325152	0
22.0	0.0	0.0	1.5047219418911026	4.279990800222674	0.0	0.0	-6.185753363957518	-0.3834065362270163	0
19.0	5.0	0.0	2.1356495267762066	-0.156422967366064	0.0	0.0	0.0	-0.258054620338	0
18.0	1.0	0.0	1.3784458637164214	0.7562749354979509	-7.5689850816147715	0.0	-2.2150282093593097	6.520571985432936	0
9.0	0.0	0.0	2.02928651665787	2.422945672698428	0.0	0.0	-9.413862333533505	0.9937568319414842	0
169.0	1982.0	0.0	0.8529050546474783	3.455333041300965	0.0	0.0	5.383577799590894	-1.7781539771750905	0
58.0	72.0	0.0	1.6565589480266254	1.7673254060497898	0.0	0.0	-2.6946434438301177	1.5233951687939076	0
181.0	6014.0	2.666750069683762	1.250923721216118	3.1817198547354444	0.0	0.0	3.5359776475576803	-1.121569057705151	0
55.0	51.0	0.0	2.101443811446285	0.7370102914298466	0.0	0.0	-2.5815663390399908	2.311952823226785	0
191.0	3317.0	0.0	1.221489069426868	3.284998663013209	0.0	0.0	6.137769314339915	-1.697785451508517	0
58.0	504.0	0.0	1.253725508502883	1.661724187387391	0.0	0.0	-0.1503284962865713	-0.3298708810505396	0
116.0	2988.0	0.0	0.9901091932675898	2.9756137766053445	0.0	0.0	1.5762522569200532	4.55127670674621	0
84.0	0.0	0.0	2.7084317775210485	0.7701600435550279	0.0	0.0	-2.8211182977927813	2.214328050954851	0
66.0	16.0	0.0	0.9160258428280964	2.4340510591661766	2.0994680440518745	0.9200363361376592	1.783165641921812	-2.542313883616289	0
123.0	303.0	0.0	2.478997719628752	0.7779070144910142	0.0	0.0	0.0	3.433323862868943	0
43.0	143.0	0.0	-0.2389331709781888	2.299897271020957	2.236084406677708	0.9946846537787836	2.495150843231829	-2.662879147571328	0
151.0	1928.0	0.0	2.3077775233174465	0.371105499576973	0.0	0.0	0.4586180862611245	8.161099617650706	0
152.0	2150.0	0.0	1.7283976368412608	1.7641057919175445	0.0	0.0	-1.2288414115686357	5.618916096042737	0
164.0	36.0	0.0	1.903759275193896	1.6826359857002928	0.8066544407130457	3.584583395024238	1.1896771311968626	4.016317141069267	0
104.0	1299.0	0.2289380786339226	1.5310736862577423	1.0772480151275068	0.0	0.0	1.8222283891227484	0.9975895432921648	0
75.0	39.0	0.3484288182926354	2.534971088811454	0.3710694893959548	1.2958496883626045	2.8122861185820787	-2.7319197536231576	2.1003424732123506	0
68.0	0.0	0.0	1.8844434496242348	1.7461526495306967	0.0	0.0	4.586905491418889	-3.7779634795318153	0
169.0	1391.0	0.0	1.613669543059168	2.796550641084468	0.0	0.0	1.8312680674555992	2.19905757228899	0
20.0	6.0	0.0	0.8129470445553182	-4.436683143034613	0.0	0.0	-4.323574628027557	-0.7144309767896333	0
45.0	261.0	2.5827844323157967	1.0067429884436168	2.850371065199157	3.9859471238201056	0.6798024055975856	1.744788521032251	-1.0316948871203082	0
129.0	4801.0	0.0	1.561339593500931	2.2451055792646195	0.0	0.0	0.0139548793770537	-1.9387197802572864	0
82.0	1872.0	0.0	1.9740469200573336	-1.8278136808320573	0.0	0.0	-3.2275087284956063	0.963725859553434	0
264.0	1135.0	0.0	1.8644585911938305	2.0908453507938733	0.0	0.0	1.9258220464990523	2.540317824382572	0
132.0	39.0	0.0	0.854416803624207	3.4029201445773483	4.470726369955067	0.3416129372926195	6.959529787602224	-2.4376890226360564	0
147.0	878.0	0.0	1.4978191894802189	1.9045179312379752	0.0	0.0	4.415922512325476	0.0377014761400663	0
16.0	0.0	0.0	2.090390086270181	-0.3543899611514599	0.0	0.0	-3.6864258255357214	0.2689580204693343	0
168.0	0.0	0.0	1.7989798307232268	3.027939488116542	0.0	0.0	3.0838656236304742	2.842577546409726	0
57.0	2.0	0.0	1.6381043627880616	1.675745549958752	4.585712395443943	1.6568415202017213	4.360151698332562	-1.0971026576303573	0
96.0	72.0	2.619681624143652	-1.1046831577390028	2.694015177652857	1.895270682507045	1.1722655939717674	0.4629782527848845	-2.691813829920238	0
89.0	574.0	0.0	1.4351326745519586	2.4792752479209463	0.0	0.0	3.390361273676169	2.218584180586032	0
203.0	3263.0	0.0	0.8771476135207411	2.76319368896971	0.0	0.0	4.318030893886978	-1.1956650184093005	0
164.0	72.0	3.249690734659504	0.8556380232094323	3.80622201152759	0.0	0.0	4.96688301886866	-0.3278827918937151	0
70.0	88.0	3.165997473979844	0.4455209060693296	2.9693425503799777	2.859551373597025	0.5339795399772367	2.126021984066864	-3.037889778856537	0
33.0	715.0	0.0	2.173955968727106	-0.1091911033305069	0.0	0.0	-3.578375733303787	-0.8969259251882233	0
72.0	148.0	0.0	2.002257577378985	-3.898956815509136	0.0	0.0	-5.218468916243755	2.568603271725536	0
47.0	1.0	0.0	1.379542345209503	3.699806952302149	7.659256920254106	0.0	1.9576279302265087	-2.9287090552291213	0
229.0	5963.0	0.0	1.4859592467382676	2.0741508964709245	0.0	0.0	2.412270391723672	1.266327857015798	0
78.0	86.0	0.0	0.0340121582243595	3.041864248312554	0.0	0.0	3.210244293070537	-3.0791880064548343	0
93.0	1450.0	0.0	1.5528229642490026	1.7558774052822912	0.0	0.0	-5.035329685807708	2.1057019982449083	0
153.0	374.0	0.0	2.201664697151024	1.88050875901906	0.0	0.0	5.256085924201649	4.101938730159633	0
101.0	1456.0	0.0	2.520841910057385	-0.9237524772543332	0.0	0.0	-4.671849483891672	2.324723981791898	0
104.0	122.0	3.194746674960201	-0.6197490867315837	3.1090159782175872	2.9167482561816347	0.5500767291576567	2.3553332634782382	-2.4682585191136384	0
11.0	0.0	-0.1909155862035446	2.4630736899882453	0.3652096744628651	0.0	0.0	-5.6922296245608575	1.132576232971927	0
73.0	32.0	2.500903147066154	1.0033543525647113	3.5214721709852057	3.946016150497344	0.3369637123546005	3.751938922901336	-2.02140083965218	0
196.0	1.0	0.0	1.3240250204978434	2.9835188131875965	3.269164601462028	0.0	2.711997364912913	2.231699225468766	0
277.0	1678.0	0.0	1.4093143150451668	2.276207398991128	0.0	0.0	1.844602474245364	4.31064159752046	0
82.0	1307.0	0.0	2.06315915419638	-0.4017556801331891	0.0	0.0	0.0	1.945527426251879	0
4.0	0.0	-1.5032679374094513	2.6046356684742853	-2.606947065000922	0.0	0.0	-7.96285310861357	2.08830943421512	0
77.0	0.0	0.0	0.3171359978233571	1.4399846307622706	0.0	0.0	3.674289804681755	-3.817986386550447	0
17.0	0.0	0.0	2.1689967538803043	-0.6666998037387343	0.0	0.0	-10.200553908245272	-1.650650694570826	0
92.0	0.0	0.0	1.5341002110577135	2.1515628926873696	0.0	0.0	2.153155961083239	3.133610532782088	0
24.0	6.0	0.0	0.3449446366338051	2.799844391779557	1.6833239667366977	0.5523077247046049	2.387965630452963	-5.675078539402714	0
64.0	165.0	0.0	2.666678961220552	-0.8972913890409048	0.0	0.0	-0.3158545611668708	8.047281852193564	0
2.0	130.0	0.0	0.0	0.0	0.0	0.0	-7.271951870479926	-0.99401893879768	0
216.0	2376.0	0.0	1.5836672361457858	2.084587172978525	0.0	0.0	3.4237006672281227	5.29377998016029	0
82.0	20.0	0.0	1.1042899964952966	3.188521509915394	4.205561477065011	0.2270623000980512	2.919204707540312	-3.0127477611332734	0
24.0	110.0	0.1638419092613644	1.5078381302903243	1.2412985027675885	0.0	0.0	-3.500737214215089	4.942025524861668	0
175.0	130.0	2.6235480844915124	-0.1265834716450837	3.05351183980123	2.852595855607188	0.7761164519702562	4.8296087035694	-2.04433442502085	0
19.0	232.0	-1.432199527475079	1.4512389474098129	-1.4318086725088568	0.0	0.0	-8.60408282570636	0.768403568307594	0
17.0	189.0	-1.2211515135646072	1.496350931483093	-0.6954556326213088	0.0	0.0	-4.941281947714665	-1.0203807870455246	0
147.0	2.0	2.356576620877269	1.4898131146015623	2.545086191358325	2.543915515012998	0.3327278782199399	2.003452395222688	2.268640336074017	0
145.0	5.0	0.0	1.4176690931386446	3.027939488116542	3.389329116589172	0.1823439854177861	2.7759351122963807	-0.3323210639478963	0
57.0	0.0	0.0	1.5149950384337083	2.878431936580948	0.0	0.0	4.613947238406105	-2.6683148086789013	0
216.0	2305.0	0.0	1.3587708912966134	2.481887743795447	0.0	0.0	3.2621827726726025	1.305523256761544	0
144.0	595.0	3.223711186690731	-0.7618833507675532	3.143365186314289	0.0	0.0	3.1749181995554947	-4.23277282289386	0
11.0	1.0	0.0	1.4360559189126016	-0.4017713364158785	3.739912883922416	0.0	1.5125737459753754	-4.8151467888497255	0
197.0	502.0	0.0	-0.583906210918476	2.649213246002179	3.1734837650999577	0.6721964015523147	2.6941883110924403	-1.4360619423447565	0
89.0	0.0	1.2745980930321097	1.908485797248804	2.1872406859535385	0.0	0.0	-2.301664889479478	-0.9863900757425764	0
105.0	4027.0	2.790567415408121	1.6211365155616042	3.2733925312052663	0.0	0.0	6.058548568832409	4.82544397274877	0
105.0	76.0	0.0	-0.6714840044636591	2.937757416936717	0.0	0.0	2.715622713865389	-3.804932251906048	0
81.0	3.0	2.544266072795613	1.0413559351633277	3.112493122865087	2.6759626243984846	0.2614123751252347	4.518691452188568	0.6713171296870137	0
154.0	786.0	0.0	1.570155883148441	2.374817663083439	0.0	0.0	2.7452504791013386	-0.6763277084138164	0
24.0	79.0	0.0	2.3503695442817163	3.475617108061756	0.0	0.0	-2.0057048118732768	2.162127468048723	0
281.0	3301.0	0.0	1.1403078508490518	2.744042870603825	0.0	0.0	4.6615680917941065	0.2866519170390428	0
143.0	1375.0	0.0	1.8417709376491256	0.7779070144910142	0.0	0.0	-3.148805267001648	2.00474658271918	0
157.0	568.0	0.0	1.4701062856687133	2.084587172978525	0.0	0.0	0.8881053702764399	-2.003933334927632	0
145.0	237.0	0.0	1.9640413386451865	0.9498975846466852	0.0	0.0	-3.948631201711796	2.983429150774255	0
48.0	0.0	0.8492267704463313	2.0641976807722373	2.0189655859998155	0.0	0.0	-5.078784890728384	-2.426822204501701	0
62.0	56.0	3.189312915955478	-0.073621363897474	3.442540705529559	3.251135573916264	0.4326101393682328	1.1494722767489012	-2.532837110279473	0
130.0	86.0	0.0	-1.0498860421174163	2.4988123621771328	0.0	0.0	0.7570064101929352	-3.9809767780162817	0
148.0	673.0	0.0	2.0635018773046325	2.253624322665293	0.0	0.0	3.1331506688239363	0.8159256190026923	0
148.0	68.0	0.0	2.3092101141664774	1.133884887970058	3.474695839336718	1.2354084140498884	-2.8588267603404725	3.8580825728085335	0
93.0	155.0	0.0	3.1205049878414264	0.3501840232370579	0.0	0.0	-0.164718382753032	8.674433695352207	0
125.0	14.0	0.0	2.2224781944092045	1.500505156777734	0.0	0.0	0.1486272288713861	1.0349839525533002	0
43.0	1555.0	2.6508566653801164	1.3825325201620111	2.796550641084468	0.0	0.0	0.2234106111105524	1.4650423706164104	0
113.0	78.0	0.0	-0.4354345715792989	2.4605829177811507	0.0	0.0	2.667862796369724	-2.0576216846220463	0
194.0	0.0	0.0	1.5371141839706457	1.7835084550774996	0.0	0.0	4.294228409048989	1.8466938224906049	0
122.0	128.0	0.0	0.3801853109132543	3.44139236476364	3.946513191986991	0.5047428662902541	3.815425797859012	-1.2092338940173106	0
133.0	2.0	0.0	1.34969959609377	3.320557202375568	-2.5701261393797945	-0.981307953810315	5.114157432057271	-1.21742264412195	0
158.0	971.0	0.0	0.8343682836148265	3.314595245986964	0.0	0.0	2.7775453241686394	-1.7054881328310252	0
328.0	0.0	0.0	1.288353730439736	2.7530144755380106	0.0	0.0	5.400410747483744	1.3683908060356285	0
65.0	7.0	1.199590510322274	-2.4738764797815813	2.330878616474632	2.876752163489648	0.3846536053491275	-7.1540733934676455	-2.1341877329208296	0
222.0	1362.0	0.0	1.0709699654837117	3.018659595727629	0.0	0.0	5.553572903140296	0.6618480641554836	0
226.0	10800.0	0.0	0.9267723407564146	2.6941883110924403	0.0	0.0	4.001361513895335	3.7421458084490657	0
135.0	599.0	2.384371928925934	0.7176563655844812	2.689588698920973	0.0	0.0	3.108235497452547	-2.7436163013677435	0
88.0	323.0	0.0	1.6663200319308489	0.930754008994499	0.0	0.0	-3.970725923096836	-0.0852312276733089	0
211.0	2138.0	0.0	1.578519618314716	2.6941883110924403	0.0	0.0	1.9005398167981769	1.906854514541124	0
100.0	619.0	0.0	1.918902362315153	1.3109269778650443	0.0	0.0	-2.6886564680899228	-0.8868979825130243	0
57.0	49.0	0.0	0.1000761513716955	3.4918029418107386	4.0378826230301925	0.7036775484242834	2.82809948376752	-3.934709775477237	0
117.0	5.0	0.0	1.5627432402067325	3.191180968531285	0.6442024216480535	9.812811345738316	1.5313011555925309	3.229897042286771	0
85.0	13.0	0.0	2.177977952004113	0.7842600028614912	0.0	0.0	3.9596488509822407	0.0928389467100268	0
163.0	890.0	0.0	2.1499835150398163	-0.6470097043936632	0.0	0.0	0.1247742554484155	1.5258259221074355	0
45.0	403.0	0.0	2.1643223868349533	1.746316728756135	0.0	0.0	5.191635764057489	0.7213936411606868	0
134.0	121.0	0.0	-0.8644936738410252	2.354165705415066	2.090985269263155	0.9669332833309412	0.4085054385913335	-3.66471762165452	0
54.0	0.0	0.0	1.9036864695780509	2.610629325049024	0.0	0.0	-0.003287787890994	-1.811171220737754	0
73.0	20.0	2.233874656522746	1.5788390923467477	2.8837944045329555	3.5354553848065486	0.4868541822330007	5.011005367073843	-0.2453126949191684	0
122.0	0.0	0.0	1.5105344663359082	1.9683339728375664	0.0	0.0	0.6031055846080268	-0.4265702312375682	0
92.0	593.0	0.0	1.862399296896514	-1.1799721925713127	0.0	0.0	-3.3258956381815223	0.9548307643712114	0
20.0	2.0	0.0	-1.249508155919497	1.96679788242079	-1.6341908893276618	-0.2851210151435002	-0.921723781664727	-1.425077840769759	0
145.0	1093.0	0.0	2.104331442855328	0.8881053702764399	0.0	0.0	-2.128273610809012	4.013377587029018	0
80.0	8.0	3.0573472358006115	0.9008984744527506	4.075014166292262	0.0	0.0	7.247732102911556	-1.8005392882155042	0
57.0	38.0	0.0	0.3036437598082105	3.266034231179483	0.0	0.0	2.2648730205047123	-2.0789870087524083	0
247.0	106.0	0.0	-0.8939813312074356	2.956439582861539	3.350679216779944	0.4982180592418993	4.495009842656332	-1.8862058077300083	0
248.0	4654.0	0.0	2.267871580197802	0.1568361202868138	0.0	0.0	3.407507613354003	7.50660465289391	0
22.0	122.0	0.0	1.7943951722570082	-0.3543899611514599	0.0	0.0	-5.275667827577728	2.1304603694328343	0
181.0	2559.0	2.13738366238664	1.7344197884426225	2.335573405379696	0.0	0.0	2.2776723986825504	1.4376845117091048	0
109.0	111.0	2.4422080272000697	-1.6590635055151146	2.628754096125668	2.320227264051692	0.9239830809433696	2.918081730314951	-3.253474843787917	0
68.0	2575.0	0.0	2.005467487331059	2.309287240175312	0.0	0.0	-5.344035855323898	2.5124909713119767	0
128.0	126.0	0.0	-1.031620610539182	2.597149718680252	2.376922635597856	0.7639457925718042	2.2445710051077947	-3.248470451673965	0
187.0	79.0	2.589295224280056	-0.1251360651183091	2.730916539678592	2.3588434691971725	0.9115795466576054	3.106369958873913	-1.7364109468412523	0
85.0	2519.0	0.0	1.5233030260294862	-0.6896274244145377	0.0	0.0	-0.1091911033305069	2.326918234948312	0
116.0	6.0	3.1065647649760724	1.2862652212682828	3.775159845320621	6.964516886241291	0.1578367431846203	8.39819386901561	0.8562747106962796	0
45.0	160.0	0.0	1.6850548961076663	2.299897271020957	0.0	0.0	-1.811323044232944	0.3855870367813981	0
55.0	58.0	0.7290023653529654	2.4242992077191605	1.4553594257787237	4.104615431099192	1.0331701428516038	-2.7155589173484382	-2.3793443813364923	0
142.0	2122.0	1.7779535771977366	1.621327245769727	2.0988003779032365	0.0	0.0	2.796550641084468	1.4324583049301698	0
118.0	0.0	0.0	1.531596876089624	1.5762522569200532	0.0	0.0	-2.193578380033643	4.236421545057455	0
80.0	2182.0	0.0	2.344208553898232	0.0851308100934033	0.0	0.0	-7.435998831273518	-0.4945729717046829	0
260.0	203.0	0.0	0.8142062668688573	2.905798879857625	0.0	0.0	6.19486872519254	-1.3528478440931069	0
132.0	3047.0	0.0	0.9300129277594512	2.776028984555452	0.0	0.0	3.4804395663876035	1.328380757314465	0
26.0	65.0	1.607831940698748	2.454266845108425	2.038208495997581	1.3130764539658513	2.804850547416244	-5.561667957894016	3.8299225996391386	0
47.0	73.0	0.0	1.8346471115994487	1.3824210979281746	0.0	0.0	0.7463035907142175	-2.0826372141369767	0
71.0	61.0	2.9360067892478474	-0.5662708566499217	3.1391412229237945	3.413668842526307	0.4950065633037283	2.2384632602196626	-4.167433440437605	0
68.0	37.0	0.0	0.7636755488325769	2.6405872595421265	0.0	0.0	2.666731633017961	-2.397984317757113	0
11.0	24.0	-1.159561817275342	2.5088171884523645	-1.0330392551184442	0.0	0.0	-6.194276385002426	-0.2938347831093125	0
20.0	187.0	0.0	2.1497507245346235	1.2557142800154206	0.0	0.0	-5.4668455867879695	1.2254582689786957	0
42.0	0.0	0.0	1.0996531519029316	1.9645948236119444	0.0	0.0	4.405517346375209	-2.818187107071534	0
156.0	729.0	0.0	1.4453981451182825	3.234062989440363	0.0	0.0	2.4052330045265657	1.4117760316226629	0
156.0	88.0	0.0	0.1219370448677504	2.7346048408143213	0.0	0.0	4.1698161181879225	-2.097822082827721	0
75.0	0.0	2.5841552340997387	0.9404803327986084	3.2621827726726025	0.0	0.0	3.4641832130835284	-0.8170503091036124	0
153.0	225.0	0.0	-0.2698023563372082	3.108235497452547	3.0669604012063942	0.4844048078058573	3.311811474772288	-2.643342088661032	0
170.0	117.0	1.921183353789332	-0.0582745471188514	2.2669591163931946	2.7112208305725103	0.7061384036082399	4.147522676518306	-1.2469927642406853	0
57.0	392.0	2.1767680388211086	2.209802972636775	2.796550641084468	0.0	0.0	0.2269796107182425	0.7655366430274617	0
74.0	42.0	3.459050270917918	0.5640904726963509	3.698776753440404	3.61810535678247	0.4706072907958243	4.642831026397405	-1.575038154907472	0
173.0	1.0	2.390074184010069	1.3635757827228496	2.823460853141812	3.3298458370344184	0.0	4.414842782569787	-1.4075990822081983	0
64.0	33.0	2.811433482536751	-0.1287811688371956	2.850371065199157	3.0000839782075337	0.4042395916841496	3.863112029949463	-3.06488855551225	0
149.0	1032.0	0.0	2.0330383893986244	-0.3018967921590344	0.0	0.0	-1.1799721925713127	0.1705757859533616	0
13.0	0.0	3.709142932559325	1.58177215303236	3.3173790172016395	0.0	0.0	3.548457510352088	-0.1658900278319968	0
117.0	63.0	0.0	-0.4184883801104406	2.5296186299319543	2.3083942460749367	0.6341656331916795	1.5309507282060943	-2.983066264649012	0
242.0	1655.0	0.0	1.8745450606559184	1.8959282505148207	0.0	0.0	4.466968510725362	2.2740391881885067	0
139.0	67.0	2.156386459294102	0.0837094204092657	2.544244577993589	2.61275141356568	0.6004822519914883	3.2781660472219336	-2.8907564759284043	0
187.5960681560685	1244.6898465369018	0.338967742658024	1.886707270911921	0.6040736235565853	1.5304205031209046	1.0478581411432553	5.23189387090602	5.114692274304106	1
158.60852319165065	44.68584520599175	2.034346872458711	2.1196819920080543	2.8926460738928537	4.009775092883237	0.2792892366955777	4.785181149963993	2.545312578967807	1
96.94479378575296	1869.9148733121208	0.0711768855134474	2.2697412917638338	2.951459766777141	0.1435270849677165	0.134291921656463	10.920670998746674	4.726366824072962	1
223.59768179088192	2784.3675450723467	1.9487195308354317	2.291103677432016	3.2554275399667314	2.2096892589579213	2.0432842759007595	5.563070029767604	4.762970775493593	1
217.37408338986623	2347.6699351876136	0.4208971170073336	2.0536743847091854	2.125309659248086	3.3778941643731617	1.288470656742593	2.623271999796007	5.211442809207958	1
147.76265649580895	3107.827706623721	2.1206170877704937	2.335306021368374	3.355804170132328	1.525995326655467	1.4519408238503797	5.856547029653728	5.502788436742665	1
161.48456896088413	1088.9297413670463	0.9577630875184112	2.328082065001305	2.2717227582889747	2.7851535536980245	1.4459066371398266	5.2503868820898365	8.996594059570944	1
218.39870303952327	2224.255039911125	1.250479800772271	1.6927758873138454	3.080539505892014	2.243669543926954	2.09420272732177	4.748449601015073	4.1216275833560445	1
185.02765372775315	1272.6402388450394	0.2568042808764249	1.7111785131980226	0.3328865740646461	1.1594570434951583	0.7938644966234548	3.091301351930852	4.415880353922155	1
126.76348213444716	778.4121726218509	0.8812598610826676	2.489127301918482	2.4552736111216857	2.2992392056724693	1.8860786786829844	3.8386477276269697	9.556389386263854	1
400.0	3040.0	0.5322680440669172	2.522801624157358	2.280783771764336	0.5598328418408427	0.5480648475578365	10.379306649821917	11.26307315924049	1
264.5802613461923	2969.2469904786285	1.5925069651443429	1.7644569841640314	2.947380423233463	1.7596553535773134	2.5072480999547766	5.635365587128913	5.631873206354137	1
134.69416231632977	2991.311003045481	1.7982427042781288	1.655453946868752	3.2144132857966103	0.953655458244188	1.5124425019206502	5.038395251243073	5.304856173700437	1
115.0258727653618	887.6902236720027	0.8722540293300818	2.57151563374334	1.978321709117145	2.784956928106032	1.3530423780206515	4.786069645758002	4.399731981562092	1
68.79890238917616	628.2058363346421	3.4132401671288	3.4444657246565056	3.9526764639945022	1.010248749704026	0.9634666409941508	6.641072536515542	4.467404974037427	1
294.20545118926503	6230.450255717101	0.2122304410844866	1.6515554222438098	1.7206057103765957	1.2121666228754686	0.7478774119065906	4.406439514083555	4.95624117355904	1
323.8976987321782	3000.2386852926547	0.6454164199973995	1.876896701017688	2.5669814951747973	0.7264268485277732	1.1520710448954998	7.50797036075368	8.053147531225903	1
174.9156316069842	1354.814498144205	0.0666624697605918	1.2144966490135225	-0.4048605353251704	0.0769439838398892	0.0299404120973412	-3.2766003942287814	2.362726193765724	1
134.63131415946435	699.3655941926049	1.6206715598176815	3.263797531552154	2.495346343974607	2.0930215937308976	1.904753584766026	6.987487378567426	7.393295654643248	1
39.37715022824081	433.0486310116132	4.125029287100099	4.332030792028236	4.090062018923326	3.726017920002843	0.8565501253028457	10.758128688989483	8.65893861818887	1
175.4605326417639	2843.013377621441	1.7360274724887943	1.942901750056101	2.8869027832771974	2.139681867857013	2.173412510041648	5.997956489714758	4.16211357147703	1
226.25988326197677	2201.477774138375	1.4839059794600866	1.713347722673996	3.15773088582083	2.217712044880189	2.060802262297636	4.939213777471879	3.505017289968432	1
167.00567077871747	6.422863779517675	1.005171755042343	2.0105238934876515	2.61199415796016	4.00653159786182	0.4248947585290794	6.668715597391637	2.4268534048594117	1
115.55501155364853	681.1685086625399	1.8868390634073675	3.3414803095707977	2.7107620619748185	1.856776168737914	1.7707934792258002	6.992025546987581	6.618565687748576	1
31.9971689165955	27.0254797506405	1.7156357949549217	2.648924549942114	1.934190401539832	2.740873548878674	0.7877346833870447	8.335870159117345	7.027388240613613	1
163.33991199785274	3084.009867996779	2.0021229259161726	2.375181491756161	2.943026787945242	2.455121603417485	1.582990538223878	4.538622142849085	3.876910229428015	1
219.3778749520529	3004.844170589669	2.7318246982600205	3.40041055646154	3.6017615862203174	3.1757723979180303	1.248477287032887	8.05005009897008	9.249784929823525	1
35.0	32.260541334318766	1.4547099729836277	2.8621688449357503	2.0216804979860754	0.4318846962028286	0.5737124611312346	4.468645043203696	4.307551007003089	1
38.69503567178207	140.23020090171207	5.461924713738762	4.439791920222007	5.984977509574914	2.111974889919765	2.372005591869453	9.21861064394522	5.037843548277835	1
158.6503227445203	1190.9363299102572	1.0668707364401817	2.743303733865349	1.6149414398112467	2.467040990909493	1.6436542033310908	9.722197075486212	7.859019255263422	1
246.71236979709383	2142.2180054597025	2.091212470528723	1.7668696079125985	3.358560228737037	2.150178241466943	1.9739040432208628	5.435526244551771	1.900778057937598	1
209.80486008982373	2806.7345577421665	3.296223119666664	2.235992834971037	4.001925363302587	3.559553773503304	0.9725517882007316	5.293346429840906	4.890797303912963	1
50.03276674406752	600.8814890214541	4.660071886416956	3.4223714614413034	4.969161757524997	0.4763945773398501	0.291880640773237	6.237490562760191	3.420945721203708	1
216.93276994791665	2993.2384742252607	2.702492857481752	2.9450951344459098	3.624404954902281	2.739261964769678	1.6842000915107869	7.328197449110798	8.63405138553622	1
182.41169219479485	2016.8103474069108	1.0733923328925514	2.2211327319656737	2.607377680400674	2.216565637698329	2.029956240969728	7.174986894376961	8.171525714751237	1
34.21468830759646	7.06780523163188	0.6012588999061077	2.4169821816102948	1.0872741677992968	0.7168035715461079	0.206011340695955	4.324452588390012	4.771344787860154	1
32.21671606526169	605.4857027782698	4.388184134629657	3.3580261023793745	4.864882356333983	0.4243176387203184	0.3611340486374571	5.715113463762302	3.321792038612731	1
113.98366509815143	2248.238842581724	2.007101760884858	2.59294537168418	3.122390736437293	2.13780186818538	1.9394782691896948	6.387470437951598	2.669394853154219	1
215.38197327425303	3160.039958457642	1.1249237691732306	2.699152581050867	2.153695373155752	2.89286719081168	1.37994921247168	6.015215891848399	8.578733401059985	1
157.404787586875	3031.7812162922264	1.850457880910397	2.140973364299529	2.743738054766174	2.513872231953568	1.5682957897142065	3.802996196327835	3.3064879525777706	1
219.09055639785785	2966.0152921140007	1.5712850764941626	1.4507530146224026	3.108171319207768	1.7398602245269328	2.621429281005471	4.1416887049071125	3.9313504731958	1
216.0459895750844	3227.3269436085534	1.7269325351674678	2.97077052744092	2.755661579614421	2.7501098353203317	1.4374654661534387	4.843169157324987	7.482759457114712	1
180.57366520762343	1181.0528558490223	0.7424881995116702	2.4834812292133046	1.4073616795418973	2.4597958329695464	1.6669090297908284	10.247446038292242	7.237624265490743	1
37.94858353712252	86.18421443477379	2.19079115155137	3.4717961494284397	3.216459672934645	3.593928033354392	1.2657042586919656	9.227349768214223	8.186422494101564	1
225.6879401952726	2813.6311627338164	1.736330839751947	2.2302645875796823	3.138087081119312	2.286289231268809	1.9869956741054724	5.344745001288894	4.389150176204892	1
180.0937489793176	1326.332731695661	0.0989688903868806	1.3739890932882313	-0.1880617029936302	0.4468390349816142	0.3059446208615581	-1.020760734858051	3.073467924594169	1
179.36758008464216	1334.2351579024237	0.0757387801808001	1.324361773581706	-0.2647345318832523	0.3419563795691456	0.2341328906118911	-1.625971360650368	2.875892535585535	1
107.4518884845274	2276.07425984286	2.1322260612829056	2.6275356121143183	3.193873084980162	2.127487026547978	1.927917351978916	6.272455770037244	1.9376136888821105	1
185.31729585618135	1269.4882509768497	0.2660699195082187	1.7309730301669863	0.3634685523276093	1.2012908865193086	0.8225075609961369	3.332697664947288	4.49468592741491	1
206.0691909401732	2269.558058245605	1.586077707475804	1.8596761850732852	3.248914203095153	2.2418280032800424	2.0648940665805915	5.8701636090629705	4.658250504719148	1
194.12392522727825	2373.6807393121003	0.5409079087901019	2.3212640305368755	2.021863623623755	3.5197342878599733	1.1212817271401403	2.675398573623758	4.7522434439559005	1
208.9656545719853	2208.711773309251	1.093000158809407	1.753716882647121	2.971436331885349	2.2547449922906595	2.104414081644148	4.9734164653679285	5.030322866853362	1
101.2312192557959	90.48617943156464	2.1901226522300377	1.981391722354896	3.307441767797837	4.6692279490198	0.7702057846386938	4.5301650398544	0.5457880437974452	1
190.28913075431376	3161.6280240324645	1.9681707987620516	2.3860089704672287	3.2581149387060546	2.161191653155084	1.9490018784474783	5.829189119222555	4.740964814541536	1
42.87843518424906	461.3506844060133	2.882399186080476	3.3831958558321946	2.048454728273838	2.603586610529887	0.5985216618293894	5.9993518723939365	6.619980322486031	1
176.64707523447763	3036.601299895788	1.6153419135447686	2.5709714940619524	2.397493154233274	2.9690266614974767	1.2498760540652565	6.178120639807016	6.984566445471054	1
200.64263978099163	2291.835478793824	1.9050763610257888	1.981751698190483	3.3936760782299404	2.23062978978731	2.03205220397898	6.710718104711029	4.789350425627649	1
54.99970250468893	321.2747488885911	3.825644979414169	3.565036766119663	4.05914285679418	4.194233445223652	0.834517334744327	8.237961281667948	5.7404621199657	1
215.1004987738825	2233.8113753474686	1.1525444785338392	1.6841448531412526	3.048153409740099	2.254560164884462	2.108216088305702	4.668413372011673	4.380330048169183	1
206.82743333394325	3021.051475741621	1.3077727721844143	2.799018083471569	2.158714577981031	3.1281839537665803	1.1512605395732751	8.6917554061471	10.936740401120584	1
199.0356459165073	3102.30394745921	1.8945069398135488	2.534654733488088	3.034129012366126	2.3832746403109546	1.7901554200522407	6.439469929701984	6.436544685981247	1
206.93396414141725	2357.763371506745	1.1663494463763842	2.170568010494451	2.620121266490921	3.063549335716359	1.4475940329029149	4.634009756944705	5.246234778285589	1
31.17716394476399	470.6185718252639	4.552530708245054	4.173415234569684	4.648407774443044	2.6894677264587425	0.618264315297345	9.751752162551446	6.778930838864124	1
42.33857092087917	626.8103872799105	3.942225807794536	3.247760791987376	4.564704352428598	0.647814803231653	0.5513510665356223	5.447996977094291	4.070573701556185	1
221.59424357910012	2941.87271431772	1.5784217168446255	1.3700461399838912	3.1166067606879184	1.7670057101737278	2.6312310898491558	4.009399166599255	3.862567366219853	1
220.4382573359196	2852.905004489155	1.9031182322721103	1.77282459864636	3.2716270908028333	1.818349233909976	2.499184521082396	4.818197794406789	4.5803348234645735	1
61.38480200115896	115.91962930313416	2.622923699160928	2.868309024876448	3.55100817444357	4.186271602441622	1.0400117497499068	5.960372765118552	4.2602336107624	1
212.28696878124973	2815.721812687498	3.237004507230848	2.2296300040464776	3.976428252527302	3.495396781356957	1.0132906990342303	5.082548961316744	4.795903897873988	1
66.778767597666	617.1068888122463	4.400159438962613	3.3568044777077035	4.7586112713486886	0.6918174231109079	0.4238673619738751	6.244384969401777	4.10861699798456	1
249.42236955269948	2134.365954885768	2.171681925406392	1.773961376224834	3.3851705613871474	2.14122986296877	1.9623898367669788	5.501288745467303	1.6882128072883966	1
35.0	33.77822658404311	1.5134261973127867	2.886976733246615	2.0797492383076834	0.4522025521934045	0.6007025519303515	4.542260233847756	4.323318523588409	1
203.41066405840772	5219.970761014809	0.3049915010916353	1.451028014635265	2.37811600813266	0.3852210272533863	0.1909804651873334	6.434425814690511	5.743872253913335	1
169.27025268552035	1981.55732011744	1.1149314892500763	2.05205468735659	3.177958953240404	1.0422488233294491	0.9530571551526854	8.52821058006544	3.1109834482041645	1
372.0	5862.0	0.0161666137771117	1.1222196383002838	1.5128487074184411	0.0366024505217983	0.0231698305874203	2.4037577512709163	2.9869574053183072	1
164.46925687559695	1188.3130399331326	0.980772523139208	2.6743411638153622	1.5598452356633208	2.465117967680132	1.6498265424087917	9.86160962729616	7.694087447034192	1
83.13044796246531	25.508337516988117	2.2574440460906864	2.3284611323979223	2.6262672400451774	3.462966748913054	0.856581908858054	8.866342908030205	7.656112054859787	1
188.4932988401728	2246.7735957715227	1.3632569165063262	1.9074077882378964	3.0758388324431194	2.2268659065689698	2.068606912645261	5.02854947130698	3.851709106390909	1
213.6140129839164	2841.0316186149435	2.9319526382460257	2.02978148800102	3.8222150937176766	3.1029163915942344	1.3840457183667212	4.851074812948794	4.657635777223256	1
154.33406265977086	2076.2840714345148	1.2341397377884389	2.379262321012044	2.6808047250102	2.2015223512138697	2.010896450371657	7.097979668484957	7.190011930733874	1
181.1974457714063	3278.3336384865074	1.9385550170331864	2.0705286139769914	2.9639201986696904	2.602343507123768	1.5716029274304633	2.578805425094313	3.025189633198967	1
36.838470847032106	126.29223322374318	4.38260110404509	4.288215328953892	5.189569851709046	2.508820381150067	2.074390882813791	9.45438506000166	6.46380512792409	1
318.1288674818515	5720.542468353706	0.0	1.1431185849881875	1.7949109364677795	0.0	0.0	3.7761808476387126	3.672302229327111	1
140.42253159252414	2720.885065754356	2.187092391182622	2.5869119423414118	2.9070873523524776	3.328933968162445	1.1089342717143724	8.598440656987565	4.651787117760553	1
174.0766647112514	2029.350987797084	1.01680993379413	2.269725896874664	2.582884435203542	2.228477904484341	2.0381678938367185	7.424913370859939	8.786050755963771	1
108.50519536168248	1189.5982908997955	2.190607408104592	2.869313913502215	3.0952771835547432	2.528470091403419	0.9838772667392656	7.00124928053159	6.53662832163652	1
30.659718310734867	473.30530877118434	4.571954224774774	4.156163035952588	4.670793312910968	2.6129071949507914	0.600664310610213	9.651278370570909	6.640049065560808	1
148.0045921135914	9.321333406401312	0.6655362562072229	1.914425541435396	2.6638552154480943	4.261173102680112	0.6719993355747393	7.301966897045213	1.6048825405316738	1
38.83689943378094	418.2159840906732	4.3160794546337895	4.44261118611878	4.386319366906172	3.7670328398433335	0.950528938616838	11.208441223998202	8.738250747283093	1
216.9544647159412	2333.906442682872	0.5078246443060707	2.0073596003194534	2.2387354309914294	3.238642389640199	1.3909999948558358	2.874295267434263	5.118816510801008	1
202.7384553157852	2342.729464881564	1.542669610588136	2.148813568549077	2.9449915912262785	2.7666342178287158	1.6410607005542095	5.671370973396536	5.133537197394177	1
135.24169013364724	11.414695723196404	0.4978283224764077	1.8736066413634795	2.687606383207572	4.396083402267373	0.8189965333934734	7.7097067705408975	1.2435054854462542	1
216.5604652914964	2320.983261561082	0.5894449292274929	1.9638725023260533	2.34523614595262	3.107892443303197	1.4872695431756495	3.1099926496470265	5.03184538551856	1
100.45726763588658	953.367526822169	0.6307849467705149	2.461667002032711	1.9357970275197929	2.89690228807736	1.3051533728157745	3.858125026344138	4.469569979056191	1
38.22586395204725	115.193088383622	3.417393137111307	4.023036984512377	4.440484183868754	2.9776039160157737	1.747543688814006	9.236550746061852	7.238478180437626	1
115.62143719661894	2668.8464893052246	2.1995090583576045	2.908364787297792	2.7258438341520232	2.7528550124810685	1.4237477010156523	8.9596846940383	4.932748985176592	1
165.17966964231505	3136.0649352361293	1.6283617587805268	2.3995220437712512	2.521353526832912	2.635947307500075	1.3909868846649267	3.4590162417252155	3.944987676712008	1
141.43065008543118	1280.8888596727693	1.4409147931594872	1.9366246881017888	2.0790546012401245	1.764010752594734	0.8689150355856944	0.2203501084182395	6.779409808994188	1
216.4815197296816	2711.314680946114	2.5005860138904272	2.4319578036929608	3.553990048224899	2.1188753690846163	2.1142613266233066	6.233054058046294	5.685987351785919	1
194.99832446832053	743.8862642953864	2.1439581100772758	2.8813922449652067	2.9291063864809392	2.422696337860664	1.5802965592035192	6.40741851274674	9.450746680699371	1
188.2018720321456	1238.097274944298	0.3583473813450155	1.928108689862767	0.6680376645279219	1.6179184938060212	1.1077668274723438	5.736788731642109	5.279518855773654	1
214.90778816992471	3011.716432949437	1.3009361167174216	2.658502978228153	2.220905942193903	3.0742238499651875	1.3662163488850725	8.23451711446412	10.25861654837069	1
221.69877447311424	2928.8511620051336	1.5855018818191766	1.4206587631604628	3.117549786329339	1.7220852493851824	2.6569445880473848	4.130857558100665	3.968380544785317	1
181.997971458384	2257.349496089061	1.9624131344565516	2.133342404607167	3.470781223905594	1.9468034410447244	1.7528385384469165	8.046204882681531	4.903386273122782	1
182.83354836403652	2061.8742241407767	0.9535417946747708	2.129797765587672	2.6293081174889994	2.236842026650906	2.060407865495944	6.695237300075486	7.95621506236596	1
229.87971282861523	2872.315979600613	1.3104097665271637	2.108258795690606	2.9027742972322623	2.439901658791221	1.874115362236384	4.906919286712916	3.639495992498894	1
102.5572245784699	107.7872194255544	2.934654325501177	1.9367453167877589	3.5551250655678834	4.486813814672704	0.6950682759552625	3.5382690713958125	1.4579904241971464	1
37.22399594200269	123.2080324639785	4.114391689010949	4.214528277998105	4.981415924612746	2.6390846992776797	1.983567456452406	9.393853841945344	6.679069209215726	1
305.72219705263086	2990.742496212891	1.6726122753008026	2.1779562344367	2.818535318643677	1.81818349393826	2.3261818134492027	7.247757802593126	7.380473249743955	1
189.88851105469232	1219.7426738165836	0.4123028876451677	2.043375778022521	0.8461221103400499	1.8615246034921855	1.2745606235214275	7.142483558019174	5.738418105576613	1
233.67243080485247	2944.034584829115	0.9386814546203666	1.9595200871596692	2.698309790399992	2.745774766430083	1.6409845696973286	4.347648251606646	2.7658916020651243	1
233.1178690206812	3022.0556848409333	1.334042536959242	2.858323855294211	2.153241910091485	3.1168317584102168	1.2696796544193214	9.002999460535289	11.113817171071837	1
31.896237485530023	42.47282628438352	2.21339846819762	2.845906254523665	2.4312973344567923	3.643684586630931	1.0772318542367267	10.022036926929108	8.060523775653504	1
36.69791311545941	77.15159472276241	2.1954627783885696	3.342460851660846	3.0542119586487586	3.604209839605457	1.226757896480923	9.391565712809577	8.16040649932102	1
274.837379284159	5606.865499344798	0.3819607765335796	1.4495825381975098	2.2690195129856554	0.864788422429661	0.5474223981185351	6.035700234539177	5.015675493222884	1
372.0	5862.0	0.7331993317538852	1.648111719800302	1.962073825210558	1.6600193852055938	1.05081401323503	4.503597948737037	4.425955569143116	1
242.31227147593933	2154.967008287663	1.960558025789736	1.7553550394038235	3.315354291254233	2.164707300049115	1.992599115197295	5.3287507847847335	2.245910193312385	1
122.02190204692374	2262.154980032697	2.1549817183510767	2.542821699921079	3.221606677582127	2.127045368705515	1.9291827062691325	6.194904800060104	1.8376620915341335	1
59.468518180116206	545.7436535719905	0.1745476441965849	1.4234876289299174	-2.109065870256201	0.231008132819797	0.2203107203403387	-3.6717571674236753	2.4785545736147983	1
199.06286244527465	3172.704144103621	1.8494071110890613	2.460821045331124	3.0936673103831644	2.1758229341519115	1.9031007121511232	5.018876155733677	5.043564139482796	1
115.67213916917687	1210.3117405384858	1.7027852756676023	3.252655778186811	2.0218776110815058	2.481244287167784	1.598065798995327	8.692507082537894	9.0771924415919	1
107.33358360550996	763.7416275960744	1.0786136020357162	2.5397190990534675	2.637184796993576	2.0829471233055163	1.772783073561739	3.7327738597003295	8.878691815798785	1
32.45465842685152	46.50586641614989	2.211312599522112	2.903654113171697	2.5037404975551127	3.639093788107392	1.0946212990258806	9.9487149543514	8.072139846556858	1
76.76795313922727	1230.101445811473	2.3490299153749814	3.633740104696056	2.5651688723052075	2.534302378316244	1.538058957418113	7.137219387642563	10.247292095849	1
185.66289229549048	3032.594270090893	2.8178352599402965	3.268714119743213	3.4369914000806965	3.0921179417986924	1.178215097055402	7.105290204847961	8.177781646180543	1
218.1655469290993	2708.3176570073906	2.5006723471281505	2.449211469392944	3.5603703144407968	2.0106223019120795	2.1895663219343486	6.130450118233068	5.734450619891366	1
121.43531702878477	1211.6189353125878	2.2322286569514542	2.415168593527748	3.6255014368091785	2.886189233800154	1.4062444585627265	2.5881966182032814	9.70465466041156	1
137.62552299840473	3264.666881923709	1.193354206925287	2.0726850165234296	2.3816204461638057	2.9112612444759582	1.2901372744925643	5.445950738638924	2.972974618678396	1
13.521343136160525	566.0983636946295	5.211882690867444	3.561689475182773	5.419320234388498	0.0115115968694866	0.009797447017045	6.208485716674844	1.938769595504754	1
42.13615811868234	3048.64323220567	2.129600948434049	2.106812500224096	3.269325741063353	0.4354979784642396	0.2089993360767254	5.984149786483168	6.5555912119998965	1
224.71834473416465	2890.310068404988	1.9009885774969824	2.072615022479817	3.2334575793882383	3.0596412629654197	1.3781693479472712	4.655350942382799	3.6158570973705655	1
91.18415733927434	653.5625853046647	2.682450576773434	3.395159766268784	3.3580895530602275	1.4155376506830053	1.349987620280518	6.809097052569384	5.497308485590721	1
66.29414045612482	85.40692499484067	2.0717728417458514	2.1451537927924327	2.63423571487423	3.130746289524845	0.4872220674771385	2.9211959900935707	1.544631139818848	1
31.89707723784224	27.926304859419847	1.7659351766162177	2.659393680951544	1.972417470914055	2.832233544542046	0.8139918003151754	8.51693262038096	7.129218771360163	1
105.47242340333418	1230.7121792213477	2.349404273890354	2.812017986555334	3.346508956899962	2.766838918764424	1.455687303852303	4.07306164834139	9.839459440046712	1
213.9157618625416	3344.4034215247248	1.1855633036660638	2.3989988904630586	2.425663265939926	2.49018688197063	1.627060530385823	2.566591436758124	5.003381379168683	1
157.63517343801556	3566.856108662664	0.1320214497261358	1.8815273334283624	1.9490010746216997	3.039248803421398	1.3766783575697554	6.814856329774735	3.5631582989329047	1
150.38159753739254	1327.043882665343	0.5954835093123791	1.8236260354359424	0.23315951683115	0.6326755491949314	0.3933797547147009	-0.7483837397411346	4.280912424420687	1
49.21908924954484	69.2848745905146	2.514807325861257	2.5046972306817787	2.772306687479876	4.054321915521653	0.9435099996809906	7.613827719042094	5.311375688130975	1
349.83584134264413	5803.800236450753	0.0	1.123839361713992	1.6229360284287295	0.0	0.0	2.940547347746638	3.249832448571776	1
102.90780593811614	1230.6576128923004	2.349370826612702	2.885435223534441	3.2766996760182896	2.746062807327854	1.4630468467886493	4.346830590324662	9.875897484098154	1
209.9126408933932	2879.224450723669	1.829340605266437	1.6683312186437782	3.184857784922116	2.6109555178856434	1.93430790752848	5.4902713035779565	4.127781032489231	1
196.6228934991866	2804.7069385490104	2.18088607827167	2.033169359713096	3.299343705835538	3.613538549942469	1.0983369656998925	7.165505190382481	4.463823514012795	1
176.4213147705425	3510.754130038285	1.1316619239479548	1.7862267353079078	2.656062478954717	2.8242480689954257	1.5612016366945325	4.4166909469613165	2.7951014564308463	1
108.57433370491168	820.7195456815319	0.6356127635256983	2.45985655934562	2.192463984293272	2.433539657082914	1.7678945121740184	3.724648781481169	7.734468020517227	1
123.82455925752949	40.27875720549003	1.1028713366584884	1.9039374861008056	2.919892519147386	4.5046341547205175	0.7985704529705467	6.51263129798955	0.9140682440906488	1
190.81524546078856	3145.626888798334	2.10328214336156	2.4494761898244213	3.331167518520338	2.106838382996971	1.97189748572248	5.705186647078901	5.028961097557445	1
96.8341794073383	3699.172556883331	1.1742527323218013	2.3937764902181358	2.4407817880102383	2.915340337017972	1.2996868404424964	8.079665660200309	7.46675156596098	1
77.07381190667567	1230.107953444823	2.349033904329769	3.624984293774372	2.573494394881773	2.5367801575260254	1.537181251186278	7.104569437973154	10.242946459358198	1
175.18806992586042	1125.2037145096306	0.7833122872543645	2.32651351654893	1.8538642512993453	2.646162821975842	1.5450493652150057	7.491946107494313	8.09489934472229	1
73.97169735583253	192.35142024104712	3.311924181835301	2.534363618586706	3.761708234225499	4.606063644492507	0.7754338712118464	4.641786327288179	2.0193820039569674	1
160.7626616205327	767.0791127931558	1.4639849731416712	2.627538415964786	2.692507698471544	2.377993071135735	1.7294999675013902	4.895507122075016	9.671950705475131	1
